382
37
10100110010100110111110111111010
01100110101001100110110001011000
01000110101101100111000000101101
01000100010000101010101110101111
01100000011101011110000111001101
11001000001111001110010111011100
00110001001111000001100011010000
00010101001110010001000111000100
10010111001000001111000110110100
10001111001001101110000010010111
11101011011000111110100101110111
11100010011000111111000100100111
11010100011100110100101000101101
10110010011100110110101111111101
10110010100001000010101111101011
10100010101001001010101110101011
10000010110101001000101110111011
10000011110001001000101110111110
00010010110000001000010101111110
11100010110000110011010000010011
10000001010000110011100001100100
11010011110000110110100000000000
00111000111111110110000000100000
01111000011010111110000010100000
00110000011010111110010011110100
00010101111011111100110011110001
01110000001001011010111001000111
01101100011000001110010101000111
01100110111000000011100001010111
00010100110010000110010001001010
10000100100110010111001101100010
10000100000001000100101111000111
11101100101111100110101101111001
11011100101101100000110100011011
11011001100110101001111101011010
00001101101011111100101000111010
01001111110110111001111110100111
