608
48
00101000000010000010111010100010
01100000001010101010000001111111
10100001110101011110010100001001
00010100100010011111110101010111
00011011100000010110000101110011
01101110000110101110110011001111
11101010110101111011011110001010
11101000001101011000110001001111
11000011000000001101110111010011
10100100100011100101001000000001
10100000010010111000000000010010
00111110001010111001000101000010
00011101000110011000111110010000
01010111101011000101110101001000
11001010011111010110111110011100
01011010010001001000111101100111
10101011110001111011101011011101
11101011101110111000000100111101
01110010000110011001010110000101
01000011000100001100000001110100
11010100110101100100001011111110
00110110111010100001110010010010
10100111111010010011000000101000
00110011111100110011100101000010
00011010110101000110110010000100
10000010101101011111101011110001
11100111100011001010011000101011
01001111010111011010111010111000
00001100100010001010100101001000
10111110100110001011101101010001
10110010111110101001111111010101
10101011001111100001101011101001
00110010111111000000101010011011
00101111111111010101100001011110
10001101001011010100110001111110
00101011001101000100010100101110
00101011101011000100010111100110
00111011101011010100010110000110
11111011001010010100011110100010
11110011101110011000001110011010
00110101000110101001110110001011
10100010000011001001010010111011
10100110000011001101000110100010
10000110000011110011000110110010
01010111101011100011001110101101
11000011111010010011010000010011
11000001110010000011000001001011
10110100010101000000010101000101
