3813
223
1110100110100111110101010110011001010110100001110111100110010000
0110100110100111111100010100011000010100000001110101100110111000
1110101000110110111010010000111000110110000001110101100110010010
1111101000010110110010011001111000110110100011110110000100011010
1011101110000110011011111001001001100110100011110110100100101000
1001011110100110101010111001001000100110000001111011101100101101
1010111111110110001010111001001001001110000010110011000100101101
1000100111010010001010111001110000011110001000110011000100101111
0110000110010011010001011001000010011110001110010011000100101110
1100001110010001000010011001000011101010001110010111011010101111
0001011110011001110011110001000001100010101100111100000101001011
0111011101001011010011100001101000111010000111101100011000000000
0101111101001000000000110001110001011000010100011101001001101010
0111111100101000000100011000010001011011010110011111000011011111
1110111100100001000100001101011001000101010110011110010111001111
0100111100000011100010000011010111100101110110101110011110000111
0010111101000011001000000110000011101111100111001010011010000111
1101000001001111111101001111010101101111111001101101110100000100
0101000001001010010010001111011111101111111011100101000000000110
0101000100000010000111001011111111101011100111010101001001111101
0101100101000000100110001110111010101011100111110101111011101000
1001001111010101010110100111101011011011011100010010110011011001
1101001011110000000011111110100011110011111110010000011110100000
0100000111110000000011011101101011101101000110010011010110101010
1010001000010111001010101100111110001101010110000011001110010010
1010101000000110001000010111101011011101000110100010101100010011
0001101000010111101000010111101011101111100000110010101100010110
1111101000000110101110000111111111101111100000010110100100010011
1111101010001110100000000011111111111100110110000000100100110010
1111100110110110001010010010010111110001111100001010100000111110
1100000110100101000010010010010000110000011110010010101000111001
0110010000110101010010011000000000111010111100111000011000111100
0010000000100101000100011100000111111110111110011000111010100100
0011001100000100000101001000000100001010100110111000101010110101
1111100100000101000101001011000110001011110110111110001110010101
0101110101001100001101010010001110011010100111101010101101000010
0101100001001110001001010110101110010111110111111010010101001110
0110100010111110001001000110001101110100110010101100000111001100
0100101011111110000001000110011101100100110010101100011010101111
1100111011111100010101000000011100100010110011110000011010101010
1110111011011110010011000101010110100010111011000001101110101010
1101110101011010000011000000010111100010110001100000000011101011
1100010001011011000000000000010001100010100011110101000101010011
0110011001011111000010010100110000000110100011000101000001010101
0100001101010111000011010100010100101111000011000110000011010100
1010001001010001010001000100010110001110000011010110000001010101
1010001001010001110001110100011111011111000010010010100001100001
0010001001010001110001111001010111011111000000000011100101100001
1010001101110010111100110010110110011111111110010111110110111001
1011001101111010011110010010110100011101111100000111110010111001
1111111101110011010011011110010100011100101110001100110000111001
1111011101110001010011001110000010011100101110011100101010111000
1101101101100101111011111101000111000000101100000000101010010010
1101100101100001101011101100000111000000111100101000101000000010
1111001110101001101001111100000111000010011001100100100001000010
1011001111100011100011111000000110100000011001100101000001010010
1011101111001111101001111100100110100000001001000001000101000010
1010101111000110100011011101100111000010000101100001100101010010
0010100111010100010011011001000010000010000101000001110101100010
0010110111011000110010101001000000000010110111010000100011000110
0011110011011100110000101001010000100010111101010110100110101100
0110110110000100100010101111011100111011001110000100100010001101
0110110110000010100001101111011000111011001110000100110010001101
0110110110001010001001101101010100111011101111100100110010011101
0010010101001001001001101011110010001111101010111101110010111000
0011000001001001000001101101110010101100101011101101001011111001
0011000000001011011001011100111010101100001011101001001111111011
0011100001000011011001011110111010000100001011000001101101111010
1011000001000111011001011110111010000100110011000001110101111010
1010001101001001111011001110110110001100100010000011100110000110
1000111101101010111011001001010010101110100110011011001011001110
1011111000101000101011000001010011001110000110011011001110001100
1010110000100010110000100110000010000001000100011011001100001010
1011110100100110010000100110000010000101000100011010001110001110
1011010100000111010010100100000110000101000100010010000110000110
1010010100000111011010100100000101000111000100011001000110100100
1010010100001111111110110100001000000111000101001011000111000100
1010010100001011111110110110001010000111100101001011001110000000
1010010100001011101111110110000010000101100101001011001011000001
1010010000001011101111110110000010100101110100000011011101001001
1010010000001010111011110110100000100101110100101111011101001011
0010011000001010111110110100000000100101111100111111011101011111
0010010000001110111100110100010001110101111100011110011101110111
0000010000000000111100110100110001100001011000011110011101110110
0000010100000001101110010100110000100001011000011010011001100111
0000000100100001101110001010110000100001001010010110011000100101
0000000100001111101110110011010000000001001010010100110010000101
0000010100001111101110110011111000000111011010110110100010111000
1010010110111111101010010111111000010100010000011010100000111000
1010010110110101111001010111010000011100110000010011110111001100
1111010100100101111000111111000000111100100111110110111111001100
1111000101101000111000111011100000011100101100000010111101101100
0111100100011000011000111010110111001100101111000010101010100000
0111101111011010101010111010110111001000101000100010101100000001
0110001111011000001010101010110110001100001100010110100101101011
0100011111011000001110101110010110011001101000011101100101100111
0100111111011000001110101000010110011011001000011101000101100011
0110010001000001000011101010010110001000010000010001001101100110
0110100001001001000011101010100110101011110100011101111111100101
0000001101011000100011101110000111101000110101011101111011100000
1101001011011100100011110101000001101100110101011101110011010011
1101101111010000100111110101010011010100110101011100110101010111
1111001101110001001110101101111110000100100101011100010101010111
1011000101000001000000101101100111111110101101011011010101111001
1000001100010001000100101001100111011100101111100001110100111010
1001001111010001000100001001100011011101100001100011101111101001
1001011111001001100100000011100101011101100011100011101111101100
1001011110101000100000010010100101011110110101101001100110111010
1001011100101010100000010001101101001110110111001000010111111010
0011111010100010000001011001101101100001010111101001010111011010
0111111010100011010000111001111101100011010111101001010111001010
1110101110000101000000111001011101011011010011101010000011000010
1100111000000010100100001001011001010001110010101011010011001001
1100110000101010100110001110111001000001111010001001011011000101
0100010000011100110010000111111101001100001010011001011010101101
1101110001110110110010000111101100100100001011011000001000101110
1110110000110110010011001111101000110100001011010001001000100111
0111010100100110010011101111101101110100001011000101101001000111
0111010100100110011010101110101100000111011010110001101001100010
0100110110110011010000101110001110000111011011110001111001000110
0100110010111111010000111110101011000100011011110000010101000111
0100100010101010010001111011101011000101111100100000010101011011
1011101111101101101001111111000100000111111101100110111111011111
1001111010101111111011111111111100000101101101100000001111010101
1001101011101111111001111101110001000010111101100001111101000001
1101101111001101111001101100110011010000101100000001111101001000
0101111111001100011001111000111011010100100110000011100111010000
1101010111001000011111110010000001011101110011110011001111001000
1001010101001010011011110000000001011101110011111001001111010010
1011010101001111111001111010000011100011110011111011101001011010
0001011101101001111100101000010011001011000001111111000100111011
1011011001001001011101101100010010000011100001010001010001111011
0010010111001001110001011000110011110111100001010001110010111011
0110010101010000110010010001010100111111100001000001010110111001
1001011100000010111111010001010100111011111111001100010100111001
0001000111000010111100010000000100111111101111011101010000110001
0000011001111000111001000000000010111101011101100101110001110000
1001011111101100101001011001000010110001011100100001110011010001
1011011110101100011111011000110000111101111101110010111011011001
0010011101101101010110011000010011110101111101010010110100000001
0010010101110011010000011000110011100101111110010110010011010000
0011010111110011110001011000100111101011001110011111010111001101
0011110011111011000001011000000110101011100110011111110101101001
0000101001001001000001101001100111101101100100010101010010101000
1010101001101001100001101011110110100111000100000101000010100110
1001001100111011001001100011100110100101010110000101011101110111
0001111000010000001001100111010010011101010100100110011110100111
1000111000010000001000010011011000011101010100111110011010000111
1110111101111110001000000010010100010101000001011011011010000111
1000110001111110101001000010110100110101000001011111111011000001
1100010001010001000011000010111010011001000001000111111001000101
1001011000010101000001101111111110011101010010010011111101001100
1001011101010101010001101111101111011011000000110011100000001100
1101110111011101010001101011100110101011000011110011110100111110
1111110001011100010010101011000011101011000111111001100101011011
1111111100111101010010111010010011101010100101111101100100010111
1011111100100010011010111110000011000110110101010101111100010001
1010111110100010011001011110000011000010100111000110110111110001
0100111011110100111010110000000011011110100110010100010111101111
0100111110010110101010100010000001011110101110110100011111110101
0000010101011011111010101101000011001110100101000101110111010001
0100001101010111110011000101111001001010110010100100110011000101
0100010001111111110010000000100000110000011000101110000011101111
0111000001011101111010011101100011110100011111100010000011001101
1111000001011000111110011111011110010101010011110100000011001111
1111001001011000011100111110011110010101010111110001000111101111
0110111000001010011100101100101100110110110100010010000111001011
0110111001000010111000101000101101110110011011010010011011110011
1110111101001011110001101000001100110101010001010010011011110000
1110011011011011010010101010000000110101010101001010001011110000
1101000011001110011010011111001000111111011000011010011111111100
1101000010001011001110110110001000111101001010100110011111101010
0101011010100111011111010010101100111001111011010111011101101000
0101010100100110111111010000100100011001111111010110010100111010
0101001100010011100010100000100110001011010101010100111101111000
1001011100010001100110101001000000011001000001011100000110001000
1001011110110011101000011100001000000001100010101110000010000000
1001011111100011101000011100001100000000101011100111110001100000
1000011100110010100100101101001010000000101110110111000001001101
0001011100110010100100101101001010010010100100101111100001011001
1011001110110010100110001100001010011011100100011110001011001001
1011100100110111111110001001001100001100110100011110000001101101
0001100100110110111110101011000100000101011000000001100001101101
0010100100001100011111101011101111100101001000011101100011101001
0110001110100001011100101101101100111110100111110101100111100011
1100101010100100011100101111001010111100100101000011100101100111
0100011010000100111101111111001010101001100101111011010111000111
0110000011001110110101110110001110001001100101101010110011110001
0101001011011111111101010010011110001001110000101011010010111000
0001000011011110010101010010001110000011010010001011010000110001
0000010110111110111000011010101010000010001010001011010010100001
0110100110001110011010001001010010010100011011011110000010100001
0100100111101001010010001011010000011101011011011100010010100001
1110110110001101011010011100000110010101100010000100110010001010
1001110100000101011010010100000110000100100010001100110000000000
0001110111011101001000010101000100000001111110001100000000000000
1000111011010110000010010110110101110001100110100110000100001000
1000111011000110010010010110000011110011101010010110010000101100
0011011110000110110011000111000101100111011110110010110001001111
0010011110010110110011110111100101001000111110110000110001011110
1000011100011010101001101110100111000010110011110110000010010001
1000011100001011000001011111000011010010111011110110001011110000
1000011110001011010001011100000111010011101011010110101011010000
1110011110111011010000010001000100010011101001110010011010011000
1001001110111000010000110100100100000111101010011111111100000100
1001101111000000000000111000000101100110000111011100110101000101
0011111001011000000010010000010101110000010000011100110001000111
0110001000101010000010010100011101110101110000001000010001001010
0011001110111110000110110100101001100111110001001100010000101010
0010001110110010000110010101000001110100111100001110000011001010
0000101100111100000100010001100111110110110100011100000010100010
0000100000111100000001110001000111010010111000111000110000110010
0001000011110110000011110001110111000110111010101000110000111100
0001000011101010010011111101110000110111111001111001100111000100
0011001010100010011001111110111000100101111100101010110001101100
1101000010000110011001111010011010100101010001001010100001101101
1101000010010001011001100000011010100111011001000000100101001001
1101000101010100011111100010010001100110000000100101000101100011
0011100101111100111101100010000100001001010100110101000110101010
0011000101011111111011101000000110000011000001100100110111111101
0010100100001111111011001001011011010101000101101100100110110101
0111100101011101111010000101011011111101101110100110101110010001
0000001100111111111101000100110011011001101110100000011111000110
