5763
383
0000110101010010011000001011000010100010111110110001110000011100
1011110101110010011001001011100010100001111010100101110000010110
1011010101110010001001101011100110111001011010100101110100010110
1001010101110111000000100010010001111011011010000100110010001110
1111011101010111010010101001010011111001001010000000110100011010
0011010101111010001111101010101111010000101000010000010111111010
0011010101011010001101101111100111011110101100110010010001010011
0011000001011000001100111111100111011110101100011111010011000111
1011100001011110001110011011100111001110111000010011010011000111
1010011000011110000110110010111100101100011000111011011011100111
1011111001010101010111110000111101100110011000110110101111110011
0100100001100001000111011001100101100110011100100100000111110011
0011111101010101000011011010000100101110011100101101001111111000
0001111101010101011111011010110100101100111011101001001110011010
0101000010111100011011001110010001101101100110001100011100011110
0001010010111100010011001111010001001111100111000000011110011110
0001111010001000010011001101010001011101010011100001011101011110
0000111110001000010011001101010001011101010011100001001101011010
0100111110001100010011011001000001110101100011100000001101010010
0010111010010010000011000000000101100001110011010011000010010111
0010110100001010000011001010000001100001000011010011011010010110
1010010101011010000011010010100010100101010111011011110010010111
1000110111110010000111010000100010100000000001011001010010110000
1100110001110110000010000000111110000110110001011001010011111100
1100110000100110010010100101111110000100000000111001010011110110
1100111000011011001101100000111100000110000100011111000010101001
1111110010011011011111101000111110100110010000001110101001101101
0101100010011011111101101000101100100011011000001100111001001101
0100101010011011111001101000101000001011101000101100111001001100
0100100101111100101001100100111000001010101110101100111111000110
1101001101110111111111100101111010001010001110111101110011100010
1100011101001111100101000111101011011010011110111101000100010110
1100001111110101101100100110101011011110011010110011010100010110
1110001111000111110110101100101001011000101111111011011110010111
0010001110100110110110110010101000011001001111011010101110100011
0011000110100110110110000110111000001001000000010010101110100001
0010000110100110110110010110011001000100000010010010101111101001
0010010101000100111100010110011001101000011000010010100110100101
1010000011000100101100000010001010101110001110011111000110000111
1000001011010101101011000110101010111110101110011111000110000101
0100101011011101100111100110000010111111100100010110010010001101
0101101001011000100101110110010100111101100111000110110010001011
0111000001011011100101101000010100010101010111010001110010101111
0111001101000101101011101101010110001000010000111011101010101111
1111000001000111101010101100110100101001011000001011001000001111
1101100001010111111000101000110100011100111010100100000000001001
1101100111010111111000011011110101010001111101010100001100011110
1101100111010011101000011011110101010000011111100110010100010110
0101000110000011101010010010110111010000010111110110010110000101
0011001100100011110110010011110100110010111111111100000111000010
0110100001100010100010010111100100110010111011101100000110000000
0111100001000001100001001111100100100001111111101010101100100000
0110101001001001101011100111110010000011100111101011101111100000
0010101000001001110110101110100010010111100101101011101111000000
1010000101100001010110101111111000101111000011001001101100000000
1010100001100001000110101011111000100111000010100001101101100000
1010110101011001010110101011111000100110011010110001011101100100
0011110001011101010010001001111011100110011001111001010101101100
0111110000011110010010001011111100100110110000111011111001101101
0110111000010111010010000011111110010001110000110010111011110101
0110101100100111010111000010111110110001001100011010100101011100
0110001000010101001100100011111111111100101101011001100111010100
0100101001011101101101100001111111110100101101011100000010101111
1101101001011101101101100101011111100100111100011001101011001111
1110001101011001101101100101011100100101100100011101100011101111
1110001100001001100111100100111100100101100100011101100101101001
0111101100001011100110100100111100010101100101011111001001001101
0111111101001011110001001000110001011100000001010110000001001110
1011001001111111111011001000100101011111001011010110000101001110
1011001011101011100111001001100010011111001001010100101110011000
1001001111111011110101101001100010010111001100001100101100011000
0001001110011001100001101000100000000100111100001100101100010000
0011011111001011110000101100010000010101111110011100101010111001
0010011110011010010101101110010100011100101110011101101110111000
0010011110011001010111111110010100011100111111000101101111111010
0010110110011001010001111011011000011110011101000011110110111010
1011110011111100010001111011001000011110011101000011100110010010
1010110010111101010000110011001000111110110101000010100110011010
1001110111010101001001111010001101010101000101010001111100111000
1001110111010101001101110010101101110001100001010011110100111001
1011010111010101101101110000101111110110100001010011110100110000
1001010111000001101101110000100011110110100111010011111101111000
1001010101011000011101010010111011010111100111000111110100110000
0111100101111000010111110110100010100110100111000110110000111110
0101100101111000001100111000101010100110101110001100110100111111
0101101100101010000100011100101011111110111110101010110000111110
0110101100100010000101010111000111000011111011111000110100100100
0101111010111010000100110111100101100111011001111101111100110110
1101110010110001000100010101000111100110001000111111111111111010
1001010010110001000000010101000010100110001011011111111110111010
1001111110100101000001010101001010111111000011011111101110101010
0110110110100101110101010011000010011011101011101011011000100010
1110111010100111010000011111111000010001111011011011010001011010
1010011010101001010000011010110011000110101011011111011101011010
0010001010101010111000010011110010001101101111011110111101111010
0010011010100010110010010001110000001101110011001110111001011011
0010010011110010111011111100110101101101011011001010101100000011
0010100111100010111011100101101101101111010011001010101100010011
1111110011100110010010000100101101111011100010000110101100000001
1011111000100101110110000001111001011011110000100000110100000011
1011100000100001000110000001001101001011110000100001001000001001
1001100010100000000110000000001100001011111000110011011100011001
1101001110110101000110000000011101001001111000010010011110010011
1001000110111101101100000000101111101001001000010010001110110011
0001001100101111101100000100100010101111001000100110001100110011
0011001101101111101100000100100010101110001010101010011100111011
0011110000111111100110101001110001010001001010101001010001111111
1011110010101101101100101010111000010000011000101011001001011111
1111110010101110101000101010010010000001011101000010000001001111
1111110011001000001100101010000110000001010011000010100001001101
0101110011011000000110110011000100000000010010011100001111010001
0101101101111000011110011011000100010011100010011100011111110001
0101000100011000111101011000110000010111100001011100011111110001
0001101100011101111001010000110000010011100010011100011110110001
0101000100011101101001010010110001000010110000011100111110110100
1101001000111101000100111001111001001010011010011100111111111100
0001001000111101000000011001110000011001011010111100110101011100
1011001000011100000000011000101000010101001010101000010100011100
1001001001011000000000011100101000011101001011100000000100010100
0001101001011000101001010100100001011111000010110001100100010100
0011101100011010001100010100111101010111101110010000000101010110
1011100000110110101100010100111110010011100110010000000101010110
1011100100100111000110001100111010111000101110010000011101110100
1110100010101110001110001110111000011000100000010100111101000100
1110100111101110001100100110111011001010100010011100111000000010
1100110111111110001100100110101001001010000100101011011010000010
1110110111111110001000001010110101001010000100101000011010100010
0110100110110100001001110010101101011110110101100000111110100000
0010100110100101111011111010101001001110101001100000111100100000
0010000101100101111001111010101001000111101001100001010001010010
0001100100010101110011011011100100000111101001111001111101110111
0111101100110101010001111100001110000111110101101001100101110111
0111101101010101011001110100011110000111110101001000110001111111
0111101101010101010101110100010110101001110101011100110001101011
1011100100010101010111100000010011111001110100010100011011101010
1001110100000001000110001000010011111011000001010100001011011000
1001110010000001000010100001000011011011100000010100000001010010
0011110010010101001000100001000111011001100010001100000111110010
0111100011010101001000000100011111001100100010111100010110010010
1011011010001100001000000110011110001110001000010101011100000010
1111001010111100001000100111011100011110011000001101101100000010
0011001010111100000000000111111000110000111000011001110000111111
0001011000111100000101010011111000000000110110000001110000111011
0001001000111101000101011011111000010000111111000001110000111011
0001001000001100000010011110110001010010101110100001110010101001
0001000000001101010010110110010000110011101110110101110110001001
0111001100111111100010011010000000011000100011010100111110001101
1110001100111101100011000010100000011000001011010100111110001101
1110001000010101100011010010100000011111000011010010111101000111
0110001000010101100011010110100100001111000011101010101000000011
1110001000010101110010101101101100001000000011101011001001100001
1110001010000101011010101101001100001100000011001011101001100111
1110001010010101010010101111001001011110000011001011100001101111
1110010011010101110010101110001001011110000111011111001011101111
1100000111010000110111101001001101011111000111011111001011111011
1110010111010000110111111001001100011111000111101001001100101011
0110010101010000111011101111111000110101100101101001001100100001
0110010101100000111011111101001000110101101101001001001100100000
1110100000000000011011011101111000100001101100000011111100101010
1110000001001000011011010101100101110000101100010001101100101111
1101110001001100011110011101100001000100111110011010100100100110
0101010000001101001110111010111011100110110110011110001001110011
0101010110101110001110110010011000100111101110111001001000110011
0101010110000110101100110010101000000111001110011001001100110001
1101001110000011100110110110001010110110001110010010011010010011
1000001111001001100100110110000110111110000100000010111010010111
0010000001101111111000110110101110000100000100010011001100010111
0000100001000011111000100100101100000100000100110011011100010111
1001010001000001111000101100101100010100000100111001010100011111
1101110001001001111100101101101110010100000100111110010100011111
1101110011001010111110101101101110111100000111011110011000111110
0101110111111010110010100101000100111101100100111110001000111110
0101110111010111100010000101001101111011100101111110011110111110
0101110010010111100110011101011101110000101101001000110010111000
0100111000111111011101011101011000111000001110101100110110110110
0100111000101001010100011101011101101000011111101110110110110100
1101101000101001010100100111011101110000001010101010110101111100
1101000100111101000100100111001000100000111011111000011101111101
0101000100011100000100000101001010100010010011111001001011111011
0101010101010000011111101010000011000000011110111000101001111111
0110110100010000011011001011000011100011010110010000101101111111
1110110110010000010100100011001011110011010110000001001101101110
1110100000000100111101100010000100110001000010000001101101101110
1110000000100100111101110010001001110011000011001101100100110110
1011011010101100101001100010001101110011011011001111100100110000
1011011011101100101011100011100100110011011011000110100100110000
1111011111101101100011000010100101010010111111001011100000111000
1101011111001111111111000001110001010010100101001011000100101111
1101010111001100111101101101011001110011101001001011010110001110
0100110011001000111101101001010001111001101011100111010110000110
0101110011001000110101111001110001110011111001111111011110000110
0101110001000101010101100000010010111010111001111101011110000111
0101111001000001000001100101000110111010111101111101011111001111
1011100001000001010001111101010101011111111111100001011110001010
0110100001000001010000011101110001001111101111101001001110101011
0110101001000001111001011101010010000001100111010011011100101011
0111101001011111111001011101010110101001100111000001011100101011
0011111000111011010101011101010110000001101111000001011100001010
0011011011110010100101110100001100000100101111010101010101010010
0011011011111010100001101001000100001100101111011100011101000001
0011011011101010100000111001011101000001111110011001010000000001
0010101111111010110001111100111100110000011000111111010001101001
1010101111111010111011111110111110101000011000010101010001101100
1010101111011000110011111110101110101010011000010101100011111010
1011000111011000110001101110001110111000011000010100100111001000
1101000000000001110011100010011100101000011000010100110110000000
0100001001001001110011000001101100101101111000010100110110110000
0110011001101111110011001010010100111100111110000000100110111001
0110011101101111100110001100010000011000111010100110000110011001
0110111101111111100011111110000010011000101010100010000110101001
0110010101111100101011110110000010001000001010100011000010100000
0110010101111110101011100100000000001000000000100111100010100000
0111010101111110100010000100100000011010000000100111000011111000
1011000100111110101010001101100000011010000000001111001011111000
1111000100110010111100001101100000001010010100001111001110111000
0111000101110010111101011101100000001010010101001110011010101000
0111100101111010010101011100101110001010010100001110011010101000
0111100111111110011001011110101110001010000100011100011010001001
0011110111011110011011000110111110000110000100011100111110001111
0101110101011110010011000110111110010110100011101100111010001110
0100100101011100110111010010011011010110110001110111011010111111
1001110101011100110111110010000011010110011001100101010010111111
1001110101001101111011110010001001110100011001100101010011101100
1001111001100011111011110011101001100110011001000001010001101101
0001111001100001111011110001100000101110011001001001110000001000
0011111001100101011010110000000000101110111001101001010010001100
0011101011101101001010000000000000001010111101001001110010001100
0011101010101100001110010000001100001110111101001001010010000100
0011101110001100001110010001111100000100111101000111010000000100
0001111110001100001100000011011100101101001111001011111000000100
0000111110001110001100011111011100101101001111001010011000000000
0000111100000110001101011111011000111101001111001010010010000100
0100100110000010000111001111011010111101000011001010010011000100
1100000110010011000011000011101010111100000011011010000010000100
1111000111001111010011010111101000001110000010011110000010100100
0111100111001111010011110111101000001100101010011001000111100110
0111100011001100010011010001101001001000101010101001011111000110
1101110000101110101011011001101001001000101000101001011011100010
0000110000001010001101001001101001000000101101101100100011111110
0000110000001010011100101001100001000100111101101100100011111111
0000111000000010011100001001000001010100110101101100000001111111
0010111000000110010110001000100001010000101001111100000100111011
0110111001010110010110101001101000010000101101111000000110110011
1110111001011111010110101000001000010001111101011000000110100011
1100101001001111011111101100001001010001110100011000000110100111
1000001001001111111111101100101001110011110100011010001101000101
1001001011101111110111100000111001110011110110011010001100000000
1001001011111101110111011000111001110011110111011010001101000000
1001001010111100110011010100111011111011110111011010001101000100
1001001000111100010011010100111011111101110111001011001101000100
1000001000101100010011010110011001111101110011011010000101001100
1000001000001100010111011111001001111101001011111110010100011001
0000001110001100010110111011010001101111101001111110010100011101
0001001111001000010100011010010001101111011101111110011100010101
1100100111001000001000001010000101000111111111111110011000011101
0101100111001010101100001010000111000110111110011110011000010111
0001100010001000101101001010000110000110111110011100011000010111
1101000001001010110101001010001010000000110111010100001000010111
1001000001001010010101001010011010000000100111010100001001010111
1001001011100100010101101010101000010010010100100001011001010110
1001001010100101010101101010001000011101010101110111001100010111
1101000010001101011100101000000010011101010000101010101000010100
0100110000011110011001111001001110010101110100010010000001010100
0000010101011110011001111111001110000100100100000010010000010100
0001000101011110001001111111001110001111101100010000110010000100
0001101100011110100001110111011100001110111100010000110010000100
0011011100010100100101100111011100001100111100010101110000100100
0011011100010100101101100101001101011100101110000101110000101001
0010111100110100101000000101001101011110101100100100110000100000
0011110000011110101010011101101101101110111101100101111000100010
0011110110011110100010001100101111100100110101110101111010101010
0111110110011110000010001000101110101000111101110110111010101010
0111100110001110000010101000111110101000111101110100011010101000
1111100111001111000010101000111100100010111101111100011010100101
1101100111101110010010111000111100001010010101111100011100100101
1001100011101110000110111000111100001010010111111100111100101100
1000110011101110000010101000111100011010011011111100010000101101
1101101011101010000011111100100001100110000010111101010100110100
0100111011101010000011110100100011110110001010111101011101110011
1101001011001000000001100101111001010110001010111101011101100011
1101000001001000001001001101111101001110010011101001011100100011
1001000000011010101101001101111101011110010101101101011001100010
1000000000001110101101101101111101111110010100100001111001100110
0101110001111110101100101001111101111010110101110001110001010100
0111110000111100101000100111111111110010110101010001000111000100
1111110000110100100000110101011011100010110111010101100111000101
1111100000110100100001110001011111100100110111011111110101000101
1001001000110110101001000000011011110000110111011010110000100101
0001001100110110101000000000011011110100010111110011110010100101
0000001101111111101000100111110110110110010110100100101000000111
0001001111111001101100100010111101110110010111000111101000011011
1001001101111001101100100010110100100110011110000111101000011011
1001011100101000100100100110101100100110001110000101101000011101
1001011110100000110110000000111111100110001110001111101011011101
1001001110100000010110001001111010000110001110001101101011011011
1011001110100000110011001101101110101110001010101001101011011111
0110011010010000110111101111001111001100101100101010001110111001
0110011010010101110111101111011010100100101110000000001111111000
0110010010010101100110101011011010100101100111000000001101101100
1110011110010110001110100011001010110011100111011000101101111010
0011011000010100101100100010110101111001100010011000111011011010
1011011001011100101010101010110101101000100000111001101001011010
0111111011001100010010001010110110111000001000110000101100101110
0111111011001110010010111110110111111010001110100001001100111010
1000110111000100001011110110011101010010001111010100101001111010
1010000010001111100010000110011001110010001101010110101101111110
1110101010000110101010000110011000010010000001010001101101010000
1010001100011110111011111111010100001000010001010100011100110100
1010000000010110111101111101011000011100110000010100000100101110
1011010010110110111101111101111001011100110001010110000100001100
1010000010110110101101101100011011000100011101000110000100001100
1110001110110110101001101100111011001101001101101110000000001010
0100011111111010010101000100111011001101010101001100000100000100
0100011011111010000010001101111011001011010101001100000100100111
0110101011111111000110010001110010101001010100001000000001000111
0101101001101011110111000010110001011100000101001010101001000110
1111110000101100110111100010110011011000000110001000110000000010
1000110000101100000111000000011111011101101110011001110101000010
1000010001100001000111010000111111011001111110111001111111000110
1000010000010001001111010000111011001001101111111000101010000100
0000001010011101001011000001011011101001101110110010111110010100
0001001010010110101011000101001111000101001101100010111010010000
1001000011000010110100101011001111100000001101001000111110110000
1101000100000010110101011001001111101001101011011001101110110100
1111010000000000110000001001001101100001101011011001101111100100
1101011000000011010000011001001101000011001011001101101111111101
1110001000010011000000111001101111100111101101000011100111111001
1110001000000110000000111010100111110111101100100011100111111001
1110011000110101011100111010001111111011101101111011100011110001
0110011000110101011011011000000111101011101011011011101011111101
1110111000110100111010011100010111101011101011001011101011111110
0111111100110000100010010100110111101011101101000011110011011110
0111111100110000100010010110111111000011100110010011000010111110
1111111100100000100010110010110011000111100111010001010010111110
1001110000001110101000110010111111100011101111000111010010011100
0011101101101110101000110010101111101011101011111111101000011001
0001101101101110101000101010101111101010001011101011100110100010
0000100111101101110000111010000111101010000011110011111111100010
1011100101001100010100100010000000101010010011110101010111001010
1011000101010100011101100010100001101011110011100101010111101010
1001010101001100001111101000111011101110111010101101010111101010
1011111001101100101110101000111110111111011010000101010111001010
1111001000101100111110101100110110111100011000000101010110000010
1011001010101111111110100000010110011100001011000101011110100010
1001001000101101101110100101000000010100011000000101011110111100
1000001001001101011100101000010000000110011001010101011100100011
1000001001010101010000011000110111100011111010101000101101101001
0111010000010110100000010100110111101011110000101000110001101110
0101000011110100100100001101000110101010010111000010010000100010
0101010001111111100100101001010110100111011111000000000000100010
0101010000111111101101110001011111100111011111000000001000101000
1101011000111111101101110001111010110111000111100000001000001001
0001001000111101111101111001110101010101010100000000001001101101
0100011001111111111000111000110100000110010110000010001001101100
0110111101111101011000111100010100010100010101001110001010101100
1110110001111101001000111100100111011000010101100111001001000101
1010010001100101011011101100101101000001010111110111001101000101
1110011001101100100011101110100100100001001111010101011101100110
0110111011000100010111111110101110000010001100011000100101110010
0010110110010101010010001110011100001010001101101010101101110010
1010010100110101011100001101001110101110101111100010101100111011
1110010000110101001000011001001010101011101111101011101110011011
1011010000100000001100110000001010101111101111101011101111001111
1011111010100000000100110000001110001110101010100011101000011101
0111110011101011000100110000001000001010101010101010111100010101
1100100010001011000010110001000100000010011100100100010000011101
1100110100011011011011011001000100010010000110100100010000011101
0100010100011010011001010001010000011001101110110100010010010101
0100010100011011011000111001010000001001101110100100010001000001
0000000000101011111001111001010000101001001000100100110000101000
1000001010111010111001011001010010101001011000100101101000001100
1001111010011010111001111001010011001001001110100101101010001101
1001110100011000011011110001010011101001010110111001101101100110
0111000100001010011000100101110111100011010010101001101111000111
0011100101010010101101100011110101110001010010110001100111000111
0110110000010010110101100011101101010100010001010011100110010111
0110010010010011110101000111111101001110011001000001101111010111
0110010010011001010111001111101111001110011001011001101101010111
0110000000111001010010000111101011001110011101011001101001010110
0000000100001011110010011101100011101111111101011001111000001100
1110000100010011111010111111100011101000110001011011111110001111
1111000110011000110011111110101011001010011001111001010110010110
1011001111011000000111111110100011000010001011101001010111011100
