6910
205
10100010111110010010000110111101110001100010100110001001011110000000110000101011101100000010010111101001010001110011111100111100
11010000111010010010000111110101110001100000100000001001011110000111010000101011001100000101010110100101110111110011011100110111
10010001011011101110010101010101110001100001101001000001111110110111010001101001001110001101011011101111100100011011011000110111
11010010011101101001001101110101000100000101111000010001111000110011010000001001100111001110001101011101100000001011011010110100
11001000111001111011111101011001001000011101101010010010111000110110011101011001011111010111101111000101101010010011100000100101
01001111110101100010111101001110001110100001101100000101100111101110101101110001011010010011101001011100001000100011100000101111
01111011100101110010011110001100011001110010000111011111000101001011001001100001011010010001001001111000000000001101000010000000
11001111000101110010011010011100111110001010000111010110010001100010000001010010001011101011001101101010001010000111000000011011
10001110011001010110101010110100110000000010000001000010110011100010100011010010101001011001000100111111100000000101001000011010
10001111001001001110000001101010100001110010000011010111100111100010110111010011100000110011100111011010101010000111100100001010
10101111011110111111000010011010100001010011010111000111100101111010100010110000110000111010110001011010001011000111100110001010
11110111001100110101100010011000101011011011000111101001110111011001101011010000111000100001001001110010100001111100101110000010
11101110001101110100101010100010101101001001011101111010110111101010011011011000010001110011001001011000111101111101101101010001
01101110000111000101001000100000101001111101001011111110110011001110000010101001011111110101001001110000101100001101000001110001
11101010001110100001001010100010101111111101000011011110100011001100000010010111111001010100001001111110001101011010100100010011
11101001011111000111011011110101100111110100001001011110100011000100010110111010001110010100000010111010011110011010111111001101
11010001111111100111011111100101001110101101110001011011001010010101010110110010100110110101100011100110001110011110111111101101
10110001111111010111111001010101001100101111010100000001111010010101101100111011111110100101111011100110101111011111111111101101
10111001001100010111111100000101010110000110010100001100100010011110111100111011011110100001110111100110110111111101110110110101
00011111000111011001010110100101000110000111010101000110100000110100101100110110111010100101110111000011110010111001000010110101
00110111010111001111000010101100010110010111010111101110001010110111000110111100001110100111010111100011010010011100001010111101
11100100110011100111000011111000100110110101111010001010011010100000110011010001001011110111011110000001000100001000001011110101
10100000110101100111000101110100110010110101011001001011101011000000011011100110011011011101000110100111010100001100111001010000
10100000110101110100011101100110111011011101111010011011101000000111011010010010011011010010011010110011111101011100011001010100
10010011011111000000011111100100001011001110001010010100100000000100000100100010010001011110100000110011110101011100000001011101
10011011001110000100011110000111011011001100001010110110100110001111000001010100100101110111101110110011110101010101001111111100
11111001101110100100010001100110000001000110101010110110001110111100100000010001100001100101000101101010000001011101010000001111
11100000100110011100010011100111110101000000101000110110000010111111011100010101110011000101001110001010010010000110000100101011
11100000001010011100100000101111101101100100001000111100011010111001010110010100010001111101011110001010010110100101101000110011
01100010101010111110101000101010101110000100001010110111010110110101110110001000011100111101001000001100010100101111001100111001
10000000101011111111101001111011100100010101000100011001111011101010100100100111101101111101001000011101010010111101111100110101
11011000101111100110100011011011001100010000000000110001111011000100101110100011100101111110101111110101110100111001101000010101
11001010101101110100100100111011001101111001110101100101011011001011110010101001101010111110101000010101110100010011101011110100
11101110101101110000110000101110000101111000100110101000010111011010111001100000010000101110000001010001100100010011001101011100
01111011101100110110011000101110000001110100101111111000010011000010010011000101001010011010000001101111100000010000101100011000
00110011110100110111001011100110010011100101110001101000110011011110010000100101110110111010000101100100100000010100001111000011
11110011111001011011101011010111010101101001110000101110010010011011111100101101010010110011000010111100000001010110100110001011
01110011101101011011111011010110100101101101011001111011111010011110111110001101001100010001010010101000010101010110111011100010
11110011011011011110011010010100001101101110001101101000011010111111110110001001111101011000001010101100111111101011110000100110
01111011010011011101011010001111001001100010001101101000110011000001110111001100111111000000001010010100010111111000111010110000
11100011010100011011110011001011111011111011001101101010111001111011101111011010101011001011001010011010100110000010110110011110
11100100001000111000010011101001010011111010101101001101111000111011101010000010101011110011000000010000100010011000100100011110
10000111111010011001000011001110011011110010001101000001110000111011011110000000100001110000000100110001100010100111100110110011
11010111010010010000000011011010011011000010001001000010000010101101011110100000000011000010011101011000001011000111100110101011
11100011010010001001000110101000001011010110001011000010100100000100010010100010000101001110001101001101000010000111100011010011
01100001010110000001100111100100001001010100101000001010101110000100111010000010100110001101001101101011100010100101111110000011
01100111110110001000000011110110001101000011001000101010001000000000011010100010000010001111100001011010100010100101111110001011
01101110100101001001001111111101010000001011111110001111110110110010010000111010010010010100110001011010101010001001111110001011
11101000100011001011110111111001000110001011100110001110011111110101111001111010011000010110110000001011101111001100110010011000
11100100101011001011010110110011101111100011100110001110011111110011110001101110011000101010110000011011100111001100010001001101
11101001001011111010001110111010001111101011010111101110011011010011110111100110111110101110101001101001101111011100100001001111
10101100011010111010000111111110000110000010110111111111001001010111111101110000010010111110101000101000101111011110000001110100
00010100011010111111000110110111000100010110110101011110011011100011101011110000100110011101101000001110101011011100000101111110
00010110111110101111011010110110000001000111100101011100110010100010101110100010100111011110100101111110001011011101101101111101
00100011110100001011111111111010100000100111100111100010010011111110100010000000100111011000010000101101101101011101000000101101
00010010011111001001110111111010100010101110101101001010000011010100000011011110000011011100000100111111111101011111001010110001
00110000001011001001111011111101111000101010111111000010001001000101100011010110010110011100001101011101111101011011000000100010
00111101000100001101101001110101111100101010011111001001101000001101111011110111000110011000001101010101011110011111011000100110
01011110000100000101100011110001111100000010011011001001111000010111100111110110000000001000101111110101111110010001001010101010
01111101000110100100110011110001010101010010001111000000010100011111000110110100101100011100110111101100111010011001011001101110
10111101010011100100000001100101100010010010011110010001010101000001000011110110100101010101110111101101101010011111101001111111
10111010010011100100000100101111100111010011111100000111110010100001001111111000110011111110111111101101101010101110001011111110
10100011111000100100011101111100000110001010110101001111010110110111100100111000010011111110010111101111111001101100000101101110
00001100110110110000010111110100000100001110000100000101010110111011101000111001010011111110110101110110110101101000011111100110
00000110011010111010011111110101001101100101100010000100000101100101110100111011110011111110101101110101100001010011000010100101
01010101010011011010011100010101011100001101000110010000000001100101000100010011010011111011100101111111111001010111001011111101
00000001000001001111011100010101011110011101000111010000010010101011000111000011001011100111100001000101110001010111010111101101
00000101000001001111011100010001101110010101101101110100000010100111000011000011101010000101000001001111010001010010011111111101
00000011010001001100000100010001101001010111100001111100000011000010000011011001100010100110000001000010011001110000010001111000
00000111010011001111000110010111111011110101100001111110111010000000000011110001101000110110000011000110110110110100010111011000
10100110011011000011010100000100101010100100100001111111011010010001010101001001000000111101010111001110001111110100011001101001
00000110001011000111000000000111101111100111100101101011111010001010011100000000000001010010010111111000111111010000011011101110
00100011001101101101100010001111101100101011100001111000101010000010011110011001110011000011010110010110101001010000011011101110
00111011011100001101101011011111101100001011100010111000011010111001010110111101111011000000110111010111001011010100011011100100
00001011111100001101110001111010011110001010100110001000010110011100000000010001011011010011100111010101000011000001110001100001
10001111111100010001110010110010010100001010100101001001010110001101101000010001010011110111100111000001100011011101111101001101
11110110011100110101100100010010000100001011010101100111010110001101111000011101001001011111110011001011001101011110111011001101
11110110010000100001100100110100000110111110000011110110010110001101010101111100101101101001010011111001111001001010100010101011
11110001110100110011110101110001100111111110000001010100111000001111110011011110111100001000100110100100111010111010010100101110
11010000110100110001010101100001110011011011001101110100111000001010110110001100111111001100101000101010101011011000010011000000
01110010110100000001010101100000110011111011101101010100111000011000011111001110101011101101101010000111001110101000110011000101
00011010001100001000010101100001010010111010101101010101011100001000011101100100111000101101001010001111101110101010010011101100
01111010010000011010010101100001100001011001101111010110000100001010101101011110110101101100100111001110101110111010000000011100
01111010111000001010110100110001110001010111011100010010000101111010001011101000110100101100000100001010101000111010001010001000
11010001100111001001100100010011101010111110101100110001110111011000000011000000011100101110100100111010011100101000100110000000
00010101100110001101100000011011001010001110100001101001110111011000100101000001010001100110000111110100011110100000100111001110
00110010101101011110111001011011101000011100101011000001100110010000100001000011011000100111000111110001000111100011000101001010
10110110101100111110101001010011110000001100111111010111110010010000100001000011011101101110000111110001000110100011111101000010
10110110011100111110101000010111010010101100111111000111100100110011111001010011111101101110110110000001011111101011011111000010
10110110011101101110101000010111010101101110111111101111111100110011111110010101111101001110110010100000111111101001111111010010
10110111111111101110100001010111010000011101010111101001011111001010011110000101011001001110111000100000010101000000111100110010
10100101011011000011000001010111010000011111011011111000010111010010011110100101011100011110111000110010011110000011111100111010
10100101011011000011101101110111010000100011011001111000010100010010111011100100111000011110111010111001111001000001111100111000
10110011111101000011001011110111010000100011001111001001000100010110010011001001011001000011011000100001001011011011111011001000
10111001111101100011011111110111110110111101001110001100000101000101100000000001101010000011001001000001000011011010101101011000
11110001011000110111010101100111111010000101101110001100011001000101101110110101101000001011101000000101000011000011100001011000
11111100000000110111011000101101110011001000101110001100011001011101100110000111111100001010110000000001000101010001010001011000
10011000000000010111101000011011110111011000111110001110110001011111111010011111111100001010110000000000101111000001010000011000
10011010110100011011000100011110100111010000011000011110111001010110111110101101111011011001011100001000000111011010110100010101
00011110111100001000010100010010001100110001011000001110011000010010001110000001010001011000010101111101010011001100010000100100
00101110111100111000010100011010001100101010000000000011000000100000111110000101010010011011010001111100111001001101000101101100
10101100011100111000110100010100001100101010010000000000000001000000010110000100110111010001010011010001101100000101000011100000
11101000011110101110011100011100001100111011110010010100000001100011010100000101101011011101010001001111101011010001000001100000
11111010100110111100111000011110100010010111110010010100010001100001010000100000101011011001010101001101001001110101000011010101
11111010100111011100111000011100001010011111110110010100010111101101001000100011100011011001010101001001000001000101000001010101
01100000010111111111110010011001110011011110111111000101010111100101001100101000101011011011010111000000010000000100100010000011
11110000010011011111010011001011110010011111011111100100010110011101001110101000101011001011010110000000100010101101101110100011
10100000010011011101010010000001101010111011011111101100011110000000111101001010111111001010010000001010101000101101111111110000
00001011101011011101000110011001001010111011001111101110011110000110011110101110110110011011010000100010101001101111111111110100
01001110101011011101100111011101011110111001001110111110011111000100011100000110110100000011010000110010101011000111111110111100
00001110001111111101001111011100011010101101001010101101111111010100011000000010011100001010001010110011101011000010111011011110
00001110000111101111000111011100111000110101101010011101111100010100010000101010010100001111011000110010100010000010101010001110
00000110000011001111001111011100110000100101001010011111111101010100010010101000010000010111011010110110101011010000101010001110
00100111000011001101100011011100110000110100011000111111011101010100010110101000001000111111011010110000110011010000100010001010
00100101000111000001100111001111110000110110011000101111010101011100010110111101000000111110001010110100110011010001101010111111
10100111100111100001100011000111100010110110001000100001110101111011010110111111001000011100110000111101100011010010101110011101
01101110101111110001110011100111100001110011101000011001100100111011010011111010001000111000000000100100000000010010101100011111
01101110101111110101010011000110100001110011101000111100100000011111011001001010001000111000001000100100000000000010101100011110
11011100101111110110011011000100100001101110101000110110100010011110011101001010001000110000001000101000011000000010110100011010
11011100101111100110011011000100110001100110101000110110100110011110011000001010101000111101011000101010111000001110110100001110
11111110101010000110010011000100111001001100111000100110000110001101001000001000111001111101011000100010111000001110110110001110
10111100101010000100100011010100111001001100111011101101100110101001010000001000111001111101011001101110111100101110110110001010
00111110100010010001110011110100111001001100111010101101110010101001010000001000110000101101000001101100010100101111110111001100
00111110110011110100110011110100001001001100111011101111111010101011010000101001110010101101000001101100110100111111110111001100
00111010110011110100100011110100001001001100111000101111011010111111011000101001110110101101000001101100111100111011111111001100
00111010100011110100100010110110001101001100101000101111011010111101011000101001110110101101000001000100111100111011110111001110
00110010100001110000100010110100001101100000101001101111011010111101011100101001110110001101000001000100111100111011110111001110
01100010001001110001001110110111001101100100101001100110011011011101011100100001011100011111100001000110111111111011100011011010
01000100001001100001000110110111001000100100101101100110011011011001011110000001011000111110100001011110111111111011100011011000
10011101000001100001000010110111100010000101101101100110001011001000111110111101111001111100100000011010111100111011101011011100
10011111000001100001010000010111100010000101101101100110010011001100101110111000111001111100100101011010110101011111111011110100
10001101000001100001010000010111100010000001101111100100010011001100101110111000011001111100100101010010110101011101110011010100
10001100000001110011010001010111100010000111001110101100010011100100100110111101011001111100100101000010010101010111111010011110
10101100100001110001011011010111100110000111001110001001000011000000100110100101011000111000100101000010010101010111111010111111
00101100111001110001101111010101100010000100000110001001001011100000110100100101011000111000101001000010010001010111110110101111
00101100111001110001001001010001000010001100000110100000011111110100110000100101010010111000101011001011010001110101110000111111
11100000100101110001000000010001000010001111011110100001011011110000110000110011011010111000111010010010010001110101110000111111
11100000100101110000000100010001010010001111011101100100111011110000110000110011011010111001111000010000110011110111110101111111
00101010100101010100001000010011011010000110010101101000111011100001000000110001101110111101111100010000110011010111110101100101
01100010000110010000001000000111111111000111010111101000111000101001000100110101101110100001101111010000100111110111101100100100
11100011000010010000011010010111011011010011010110001100011100001001100101100001101010100000100111010010010111100111100100010100
11101011000010010000011010010111001011010011010110001100011100011011100111100001100000100010100101010110010110110111100100000000
00101001000010010000110001010001000001000011011110000101011100011011100111100001000010100011100101010100010111110100100100000000
10110001000110100001110010010001100001100011110000000010111000111000000110110001100010100011001100010100110111111100101101000000
10100001001100000000100110010011000001100110110000000010111100011000000010110001110111000000001111011000110111111101101101000010
10100000001100010000100010011011000000100110010100011011101100001110000000110001110011001011000111011010010110111001101111000011
10000100101100001100010110011001000000101010010010010011101100001110000001110111111010000011000001001001110000110011111110000010
10000101100110000011010111011011000010001010110011011001001100101110001001110111111011000010011010101001110110100011111110001011
10000100110110000011010101011010000010011011110011011001101111100100101011110111111011000010011110001101010100100110111100001011
01000000101111101011010111111011100001101110110011000111100110101100111011110111111011000010011010101101010000100111111010001010
01000100101011000110110111111111100011101110110111000111010110101110111111110111011001000010001110001101011010100111011010001010
00010100100011000001110101110111100110100110110011001101011110101100111011110111001000000111011110001000011010011111001010101010
01010100100011010011100101110111101110100110110010101101011110000100111101100111101010001111111110001000010010011110000010101000
10000100100011011111100010100111101010100011110010001111001110000000111001000111101010000110111111001010010000010110100000100100
10001100100001111011100010110101101110011011110010001111101011000100011001000111001000000110111111001000100000010010100101000101
10001110110001001000100111110111101100011011110010000110101001010001010101000110001000000110011111001000100010110010100101010101
10011011110001101000101101110001101101011011110010001100001111111011101001001110000100010100000111111010100011111000100100010100
00011011100001101000101101111001101101111011010110001100001111111011101001001100000100010101000111101011100001011010100100010101
00001010010000101001101100111001101011111011010111001101001110111011101001001110000100000001010111101001000001011110100100100011
00001000010000101000101100110000000001110010010011001001001110000100101001001011010100010001010111101101000001010111110001110011
00000100001100110011101101100001000100110011010011010001011001000110101101101001011100010010010111101001100001110111100001010101
00000100001100110010100011001001000100110111110011010000011001011111100100100111111000101000000111101000000011110111110110010101
00000100001100100110100111001011000110000111010011100100011011011101100110100111111000101011110011011100000111010110110100000101
10000100001100110110110010000110011110011111100010100100111101011001101101100110111001111011111000001111010111000100110011101101
10110000001000110110111010001110000011011111110110101101110000010001011101100010010000111111010000001111011011001100110000111100
10111001101000110011111000101100000111011110100010101001010001111100001111000000010000111110010001101101011010000110110000110110
10001000111100110111011010101100000011011110100011111010001101111101011011000000111000110110111101101101101000100110110000110110
11001010001001110101011010101000000001110110101111111010101001111101011000100011000000100110111100111111101100100010110000110010
01001110001101011101010001111100001101110110001001111010001001100111011001101011010001100110111100110111001001100001110000110100
01001110001100001101110011101100000001110110000010011010011001101110001001101011010001000111111100110001010011100000111000110100
01000111001110101100100001101110000001010100000010000011111001101110001000100001010111000101001101000011000011000110100000010000
11010111101111101100011000101110000001110100001110010001111011101110001100110001011111101101001101010011101111000111100000100001
10000111010001000110100010101110000001110001001110010000011111101000010100110101011101111101101111001011101100010111001000011010
11100011100001110110001010110001100001111001101110000011100011101000100000111100111111101001000101101000001100100111000011110110
10010011101111110110100010111001101100111001001110100001100111100000110101101110100001101011000101110000011101100101010110101111
00001110111001110110010000001010100100111101100100110010100101110000110001101100100000001011001110100000011001111001010011101111
01001110111000100100000010011001100110101101100000110100100111110010110101101110110100010010011000100100111001100001011001101100
01110110101000100110001010010001000000101001100110110110000001110100111001101110110100010011010001100110111001101111111011101101
01110010001000100110000110000001000101101001101001110011100000101010101001100110110101000011000101101110010001001111111001101101
01110110001100110100000110000001100111101001010001110111000001111010111001110111110100001011101111101110010011001111111000101101
01110110101011110000000100010000101111100100011011011111010101010110101000000111101010001001101010001110110111101110111010110101
11110001001010000000000100010010101101000100000000001111110000111011011000000111101011101001101011001100000110110000011011010101
01101101001010000101001101111011111111000010001000001110001000111011001110010111101001101011100110001100110010010000011011011001
10111011001110010101011100111111010001001110010011001110111000010010101111010100000110100100100110001000111010010100100001111000
10111110011110010000111100111001011001001000010111000110001000011110111111001100000100110001000110000000111010111000101000000110
00111100011010000001111100111000001001100010100011000110001000001110111011101000000110011101000110001010101010010100100100010110
00001101001110011101101110100000001001011011101010000100001000101110111001111000001111011001101010011000111100011110001100111110
01101100101110111001101111101111001011000101111010001000101011011101111100101000100110011101001000010000111100101010110000101111
01001101000110011011001111101111000011100001011000101110001001111010111100100000100110011111001001110010101100011000110010101111
01100100000110011011001011001011001010100001011101101111001000100001101100110000101111011011101001110011101100000011111001001111
01101110010000111100001010001011010011100101011001111011000000111100011001111100001110010011101011110011111100101011111001001011
10101100110000001110001011001011010010100110010000001010000000101100011100111010001110011010001110110011101110100011110101001110
00100000010010011010001111001001010010110100010000000010010010101000011001101100100110010110000110111011111111101011000000010100
00100010011110101100010101010001010010110000011110010110000110110001000111111100101111010010100110111011111111101011000100010101
00111000011110101100010111110011010000100100011110011000000111111100100011111100001000001110110110111010011111101011010001011101
10111000010110111101100111110010110001110100010000001110001010101100000110111110011110001010110000100000011000001011001011011101
00110011110010011111100001110010011001110100010100001000111010000101100110111110001000001100110000100110011000001011110110011001
10110001010010011111100110111110011111100100100100001001111010101101100111100100011011001110100010010110111100101110111000011001
11011001110011101110100110001000101100010111000000001111111111101010100111100000111000001110100011100000100100100110010000011000
10011011011111111011100111001000111100011111000110111110010011011010100111100001011000101111111011111000100000110100010001010001
01011111101010101011100101111100111100010100110101111100010000110010010110000101011000101011011111111000101100100100110011111001
01011111101000111010100001110100111100000001111000101100000010011100111110011111111101101010000110111000001000000100001111101001
00011010111000101010000110110101100100000111100000101111101000101100110110011111111101101000000100000001001000010100001101100111
00011010101001111000010011100111000110000010110100111110001100000100010100011111111111101000000100100111001100010101111101100111
00001001100000001010011010101111010100110111111000101110101111110110001111011011011111111100111110111110000000000101110101100110
