229
31
00010000001101110010001011011110
00001001001101100011101011011110
00001111001111100011101011011011
10000001000111000111001011010111
10000101000110000111001001111101
00000101000110100001001101110101
00000101110100100000101001110101
01000111100101001100111001100101
11100110100101011000010000101101
11100110101110011000110010111001
11100010100100001110110010111001
11100110101100010011101010010001
11100010101100110111101010110011
00001010101101100101011000111011
00001110001001000101010001111010
00001111100101000100101101011000
01000001001101100100100011001001
01000001001001110100100001101111
01000000000011111000100111101111
01001100000011100001101111101110
01001100001011100011101110100110
01111110001101001010101110111111
01111111101101001010011111111011
01101111101100100000011011111001
10001111101001100000010001011001
10000110001111101100010001001001
00001100000110100100111001000001
00001100010110101010111101000101
00101101010111101011111101001100
00111110010011100011101100011101
10111110000010100100101001111101
