472
51
10110010111100111110101100010010
10110010111001111111000100010010
11100110110011011110100100000011
11000110001011010011001110000001
11001111011010110001011101100100
11001111001100001000001100110111
00001010011100100000000110110111
01011011011000010000101110100100
00111011011001010010101100111110
00001001111001000111111000111111
00101000101110100101111101011011
00101001101110100100001111001101
11101111110010100000011101001101
11111011110010100001011001101101
10010010111001100100011011001000
10010010011001010100000001001001
10010000001001010000000001101001
10111100101101010101101100110000
11001100111100011101001110000100
11001101001100011011010111000100
00001000110001011011110011001000
00100000110000001011110001011000
00100000110010101111110010011010
10100001010010101110110010011111
10011011010010011100110010111101
10001011000011011110001010110101
10001010100010010010001000010101
10101100100111000000010001011001
11100100100011100000010000011011
11010001100111100000110010110011
11010011000110110011110010110011
11010011001100100111111000100011
01011011000101011111111010100001
00011011000101011101011011100101
00110110001011001010111001100101
10110110011100000111101001101101
10111111010101001111101010101001
00110001110011001111101010001000
10111001101100101011110111011101
10111001001101100011110110001001
10010001101000101011111110110111
01011011100001111011110100111111
11111000000001110001100010110001
11111001100111000111111011110100
11101010100111001001111011100011
11000110010110001001111010100011
11110001111010001111111000111000
01011001101010101110011101011000
01011101001001011110001101111111
11001101001101010110101100011110
11001001101010110010001000010101
