493
59
11011111101011100100001010101011
01010100101111100100001010101001
11011100000010000001001000110000
11101001101100000001011000100001
11101000100100001011010001000000
10001001001100101011010010111101
00110001001010001011000110011111
00111001001000001111000111011101
00111001101000100011000111011101
10100101110100100001011101001000
10000000001100001000111101101110
00001001001110000010101111000110
11011001101111100010100101000011
11110101100011110011111101001111
01110000100011111010111110101101
01010000011011111110111111001011
01110110010001011111111001101110
00110110010001011111100011111110
10000100010100010101101010110100
00111101010100010101101111100000
00101111010000000010111100110001
11100110010000100011110101111011
00110111010101000010110111011011
00000101111111000110110101011001
00011001111010100011001101010110
00011011111110100010000101110110
00000011101100111010000101010000
01000110101000111011011101110000
11001111101010101110000001100000
11011111000000111101010011100000
11011111000001011101011011100000
00111101001001011001000001110010
00111111001000011001000001110001
01101110000100011001000001110001
01101100010100111101000100011100
01101100010100101101000000011100
11101110010100100000000001110110
00101010011100100010010001100110
10101011001101000010110010101010
11100011101101010000110010110011
10000001101101001001010010001010
10000000100100001101010001001000
01000100000101001101101101001011
01000100000101000101100100000011
01100100100111000011100110000111
01110101000011001010100110100101
00111101010111011010110110000100
00101111011110011010110111010010
01101111000110000010111110010110
11101001100110110010110111011111
11101101110110100010110101001100
11101101110101001010100100001100
11101101111101001010100101001101
00001101101111000010111101000101
00100010001011010110011001011101
00110000001001010100011001011001
00111001101001110100011011011001
00101001101000110101011011111001
00001001101100010011011010101001
