349
28
10110000010001110011001010010010
10111100101000100101101110111100
10100000110101101000110000111100
10101111100010001000111111111011
10011000111111001010110010010111
10011100011010001101111100010011
10010111101010101100100001010000
11111010110100100101100000111100
11110111101000100111001101111100
11110111101001000101100110011100
11110111101010001010110100011100
11100100011010001110101110010011
11100110110010000010101110011011
11100110101000110101001101111100
11100011101001001010001100010011
11100010100001000001010111111001
11101011010100110010011011010101
11001110011100111100111001010101
11001011100101111010011101010000
11001011100100011011010011100100
01001010000111111001111011000011
01000001000001000001010011110000
01010011111011100100000100101011
01101110010001100100011000010110
01110101110001010010110011000101
00001010000011110001111011000000
00010010001001001110010111101001
00101110101001001100010111011001
