612
48
01100000001010101010000001111111
01101110000110101110110011001111
01110010000110011001010110000101
01000011000100001100000001110100
01001111010111011010111010111000
01011010010001001000111101100111
01010111101011000101110101001000
01010111101011100011001110101101
00110011111100110011100101000010
00110010111111000000101010011011
00110110111010100001110010010010
00110101000110101001110110001011
00111110001010111001000101000010
00111011101011010100010110000110
00101111111111010101100001011110
00101011001101000100010100101110
00101011101011000100010111100110
00101000000010000010111010100010
00001100100010001010100101001000
00010100100010011111110101010111
00011011100000010110000101110011
00011010110101000110110010000100
00011101000110011000111110010000
11111011001010010100011110100010
11110011101110011000001110011010
11100111100011001010011000101011
11101010110101111011011110001010
11101011101110111000000100111101
11101000001101011000110001001111
11010100110101100100001011111110
11001010011111010110111110011100
11000011000000001101110111010011
11000011111010010011010000010011
11000001110010000011000001001011
10000010101101011111101011110001
10000110000011110011000110110010
10001101001011010100110001111110
10101011110001111011101011011101
10101011001111100001101011101001
10100111111010010011000000101000
10100110000011001101000110100010
10100100100011100101001000000001
10100001110101011110010100001001
10100000010010111000000000010010
10100010000011001001010010111011
10111110100110001011101101010001
10110010111110101001111111010101
10110100010101000000010101000101
