7458
308
0001110001101011100001101001000000110101100010111011111101111100
0001111010100101000111011000101000101011101010001100010100111001
0001100010101001000111111000101101101011010010001100110100110100
0001100010111001010011100011101100001101010010000100100101001110
0001101010000000111010001111001110000100001011100000110000011101
0001101110000010111010100111001100000100001011100000111001011101
0001101110010110110010110111001010000110011011000000011011001110
0001101100110010110010111111101011000101111011000001010010001111
0001101100100010110110111111001010001100100011100011110010001010
0001001011100000110111111101001010101100111010100000011110100101
0001001010110001111111010001000010001111111111010000001111100001
0001001000001000111001011111011100010011000100101010001001110001
0001000001100010100000011000101100001000110011110110100010101001
0001000010111001011001100011111110001101010010000101100010001110
0001000111100100001101100000111100000101100111101101011111011001
0001000111100110000001101100110000000000001110001101100000010011
0001000100110100000001101010101111101001001001000001111001101111
0001010110000000001011011011010000101101011111001100000001111011
0001010111010001111001100010101011100010001001110111011101110101
0001010101110110110000111000000100111000010010110110000101101000
0001010001100000000001100000011101101011110001000000100101001111
0001011101101001010010101011110000101111101111100101101011111011
0001011101101001010010010011110111101111000111100101011000111011
0001011101010010111101110011010101100110100010101000010100100001
0001011011010010101001000011111101110101100001111110011011010100
0000111010111110011111001010111111000111100000001000011100010001
0000111111100110000011101011101000011011001010001100010101111100
0000110011001110001000100110001111111011010100100100101001000000
0000110011000010101000100100001011111111010010100100101001010000
0000110011010011101000111010000111101011010001000010101111010011
0000110011010011101100111010000111001111101001000010101111011001
0000110000011110100100011000110111110000101101110111110000000001
0000110000101011100000001001100001010101100111111011001100101100
0000101101100101110011110001101000011001010000001000111101000100
0000101100010000111001011110001101101001011000011000001111010110
0000101110111110101010011111111101000101001100101101011100010000
0000100110111110101010011111110101001101000110101101011100010100
0000100101001101101011111001001000010110111110111000110100010100
0000100010011000001001001111001110001100010101110110011010110010
0000100000011000111000000111100110010010001111110000110111101000
0000100001010010101001000110001101110101111000111010001011011110
0000001111010000001101100110111110110110110101001111001100110101
0000001000011101100101111001111111110000111100010100010100110111
0000001010000001100101101010011110110010111101010100001100110111
0000001010000101011011110000110011011011110001010000000001111001
0000001011100000010001011110111111110010100000000010001011011001
0000001011010110111111011100001111011011010000001010010011011001
0000000011000010101000110110001100111010010100100100101001000000
0000000011010110001010000101001010001101011111101101100110111110
0000000010011110011000000110011001001101100110100001111111101101
0000000100111110100010011111110101011101000110101101101001010100
0000000100111111100010001011110100011101000010101111101001101001
0000000110110001110111010001101110101111111100111100001111101001
0000000110101010010100110011101011000100111100001001000001100101
0000011111100100101110111010111011110111001101101001000101001101
0000011011100000101010110100001010110111100101111011101101001100
0000010000011110100100111000110111110000101101110111010000000100
0000010000111000111110011100011011000001001001010111011101100000
0000010100111100110110011100111100101111111110111100001011101001
0000010100101001111101100111100100000110010010111111000001000010
0000010101101101000001000101101110111101000111000100010111010011
0010000101000000101111110111100110010110001010010011010100100001
0010000001011000111001000010101011110010001101100101010011101111
0010000010011110111101010111011111010011010000101010001001111101
0010001011001111000111001000111101011010010001101010100110011011
0010011011100001011011010011011010111100011010001110110101000001
0010011011100001011011010001011010111101011010101011110001000000
0010011000111111011001010011011100111000010100101010010101001001
0010011001010011111001000100000101111110100011101101111110111001
0010011101101111011101000110110010101000100011001000101000001011
0010010100011110100100001001111101110111100001100111100001110011
0010101100100101011111000101001010110111110101001110011101011011
0010100101000000100011110110000100000111010010111000110101100011
0010100101000001011101001101011101011001010001011110001111010110
0010100110000001110000100000111111110100000110010000000101010100
0010100000011111110111001010001011000101000110111011010001101100
0010100000011111010101011011011001000101000100111011010001110100
0010100001101001010101110011011011110100000110010000000001110100
0010110100011110100100001001110110110001100101110111100001110011
0010110000011000110101001010101011100010101111001101001111010011
0010111011111110111000101100001111101010011011101101111011101101
0011011011000001000111001111010100111100010111000110010100111111
0011011011000001111000010100000001111111010110111001111000001010
0011011010000000001110011111010000111101001111001101000000111011
0011011010000010001011011101100100010000101110011000100010010011
0011011010011110000001010010110110101010000100111110101001101011
0011010011000001000111000011010110111111011111001111110000111001
0011010011111000111000101110100000011110011010100101101011100111
0011010010111000110011101111110010011101011000110110000011100100
0011101100101101110011100110100110101010111000110011100111011111
0011100101101100000111010110001101010000001011101111111000110111
0011110000001010110001001010001111110010101101001011111001010010
0011111000101010011010001110100111101001011011101100111011101111
0011111001111010011000001110100100100101011111100101101011100111
0111110011101010010000101011111001010000100101100000001101001000
0111110010111011110000101011110001100001100101101000000111000010
0111110000001100100101001010001111100000111111001010111001010000
0111110001001100000111010110001111010001011011100011111000011111
0111111011000100100010000101001001011001011110010000100101011110
0111111011011100100010000101101001010001111110110000010101011110
0111111001110100111110110001011100010111110110110111000110010001
0111111111110101110110110001011100011111010100100100000100010001
0111111100001010100110010101111100101100110100110000010000011100
0111101100010111110011001100010110001010101000111011101110001101
0111101100111010011011010011101111001110111110111111010100011100
0111101101111011001011010011101011001110110110111100010100011100
0111100000010000111101000111001001011010101101000000110110101000
0111100000010110001110110100100000000100000010000110010010101010
0111100101110010101100001101001010001101110011000001111000110001
0111100101101010000111101100001010000101111010000101110001010001
0111010110100111110111010101111110010011110010000110010000110011
0111001000011011111101010110000101111000101000000110111000111001
0111001111011011110000010111100100100010001111000010011110001010
0110011100100111011100000110010000110110100001001010001100001011
0110011100100010100111010101111100100101110110100100010010110101
0110011010101001100011011100000001100111100110111001111010110010
0110000101000000100000001010000010101111100010111000011111001110
0110000010111011110001001001010011100101000010101000001100100010
0110001111011010111011000000010010000101010000110000101111001010
0110001010101011101001011100010110110111001000001101101101011100
0110100011111110001111100110011000000110101111101010001101101110
0110100011010001011011110100000100110111110000000000011001100000
0110100000010001110011010101000100100011110000001000011000000011
0110100111110000011111110100100010010011110000000100111000100001
0110101001110111111111110001001101101110110100101010110000011000
0110101001110111010011010101001101111110011100101010111000010000
0110111111000011001101010110010000000110100010100110001001001011
0110111011010011000100011010110001010110001001100110001000001011
0110110101001000010001111011101111111000101011001000001100110001
0110110101000001010001101010101111001000101101001010101001110001
0110110011000010111000100111001100100010010100100000010001100101
0110110000100100110100101001110001011011011111000101011011100010
0100111010011010111001101111001100101100011001110101011110010110
0100111101101001010011010011010111101111000111100101011110110011
0100111101101011010001010011000011100011000111100101010111110011
0100111100000001100101001111010010110010110010001010001101000001
0100111111001011100001001111010010010011100010001010101111000001
0100110010111111111010101011100000110011100101001010000110010110
0100110001011111111000110010011001100011100101100011011100110001
0100101011110110010010001101011010001101010111110101001000011011
0100101001100110000110111011100111101100000010010001100011100010
0100100010110001110010100001101000011011010010000000111001000100
0100100000101011101000011011100001001101000011011010011001101100
0100100001011101111000111000110101110010111111100010010101101101
0100010000011000111010100000110110000111111000101010100101110101
0100010011000000000101001010111010010011111111010101010111001011
0100010011100011110101100000010010111010000111011101000101001000
0100000000100000110110111111100111001101000110010101000011001011
0101010001101101000000000001111011010101100000011011001100001010
0101011100100111110110000101011010011110000110100101000100010010
0101000101101110000111101100011000000101111110000101110000010001
0101110001111101000100010001111011010101110100010010001101011010
0101110001100110000100110000010101010011011101111101010111101000
0101110000111101111010010001011011000001011010010010001101111000
0101110000101110110100110101010100011011010111001101111111111110
0101110110111011000110101111101000011000011111110001100011110100
0101111011111110100010000101001011011001011011010011100101010000
0101111110011010111000101111001100111000111001010101011110110110
0101101100000010101110110000011110101100010100100010110001101110
1000010101000010001100010010010111100111001000111000011100110011
1000010110111100011101011000101010111101000010000100010110001111
1000010110110100011001011000101000111101010010100100110111101011
1000011010100000101011101000101000111000100111110010100111110111
1000011001001100100010000010010111011001000110100110101000111011
1000001001001110111010111010010001010111000010100100101000110100
1000000001011111010111011101001111001111000000101101101011110010
1000000010010110110111000101000011001111000011101001000011011110
1000000111110010011101100011111010000111111101000011011000101100
1000101111000110011001010000101110101011110111100000001000111001
1000101010100011010100111011111001110100101101000000110001101001
1000100001011111111110110010000100010001001110100001011001000011
1000111111111111101000111010011011000111101000011011101100010001
1000110010101000111110110111010011000111111000111110101001110100
1000110000011110110101101110011001000101000111111111001000101000
1000110000010010101000001001000000111001010010110110001110100000
1000110001000010001100001010100000100111001000011000011111100001
1000110110010100001011000101001010001111010011101100000001011111
1000110110010001010101100000000010001000000101011101011101001011
1001010111100011000001001010101100001010000010011110010101101110
1001010110001101110110000001100100101100010111101101011010011010
1001010101110110000011111000000100111101010010110101100111101000
1001010100101100000001000111100111010100001111010000011111110011
1001010100001100101110011011111101110100000101101100001101001110
1001011101100000000011111011110000101111011111100100001001111011
1001011111010000111001101010111001110110001010110101011111110101
1001011011010001101010001010110100110100010100100110011001010000
1001011001110010101010100100100000100110000001100011101000001110
1001011001110010101010000010100011110111010101010011100100011011
1001001111010100111001000100011000011110010010011111010111011011
1001001011011011011101100101101100111001010110000110000100100101
1001001011010001000111101101111100111001010111000110000100110101
1001000001100010100100001100101100001000110011010110100010100101
1001000000100011100000001110101110011000110011010111110011101100
1001000000011000000110001111001110101110110101110110110111010111
1001000000011101001100000110001110111101100111000100000111010001
1001000111101011001101000100001111001001000010001100000100001110
1001000110111001000101001110001111001101001011000101001010001110
1001000110000010011011011101111100010010111110000001101011001011
1001100101001011001001111001000100010110100010101000110100000110
1001100101111010011101110011011000000110111001000011111000101100
1001100101101110011111100001010000101110011101000011101100101100
1001100101100101010101000011011000100111111101110101110110101001
1001100101100001010001000111011000100111100100110101100100101010
1001100011100000111011001101011010111101001000110001000000100000
1001101010000000111011101111001110001100011111100011110000010101
1001111111000110100001101100010001010000011110001011101001010111
1001111011100010101000100000101100111010101111110110100100100100
1001111010110110001111011010100110110001110000111000111110010011
1001110001101010010001001111011000100101110010101001110100111010
1001110010010000110100001010111010111001000011001001011001101001
1010011010000110001100010010111100101000101101111001101010100011
1010011010000010000000001111110100010011100000011110110111000111
1010011110011011010001111000100000110011001111111010110001101011
1010010010110010011101101001100010101111001110111000001101111001
1010010010110010011101101000100010101111001111011000000110111001
1010010110100011011010000001010011101011101110010011001101010000
1010010110000001011001100000100000110010000011011010100011110011
1010010111111101011101111000100010101101000010011000010110011101
1010010101100100101110111111011111100100001001001001000100000111
1010001101110000000010000110011101101010110001100011100110001110
1010001010011010001100010010011100101100101100111001101110100101
1010001010011110001000010010011101001101101100110001111110101101
1010001010001011011111000100001011011110011111000100100000011001
1010000010000001010111000100001110011100010001010110100100011000
1010000011000011110100000110001101111100100011100110100000011010
1010000011001111000110001101011101111000000010100111100110111011
1010000100010001010000000100110111100000001010000011101011011101
1010110000011110100100011000110111110001100101110111100001010001
1010111110111111001010111010011001011011100000011011101010000000
1010111100010100000101000111110100100001001110110010010111101000
1010111011110000101011011100100110100001010000111000111110000011
1010101011110011100000010111110100100001000000111000111100001011
1010101110000111011011010100101000110011100110100010011001010001
1011011010001110001001010010111100101010001101111100101010101011
1011001100011011000100011000100000110011001111111010111000111011
1011001010001011011001100111101111111001001001000111000100101111
1011001000101011000011000100001111001110011010001101000000111110
1011101110001011011001100010101111111001001000000111100100101111
1011110010110111011100101001011001110100100010011101101000101001
1011110010101101011110111011001001110001110010111101101000000001
1011110010101001011010111011001101111100111100010101100000010011
1011110111111000000011010000011101000011011010011110110001010101
1011111001101001100011100111010011101001001000101110101000011011
1011111010110010100001110010110110001100001101000110101011011010
1011111010111101010010111110001111101100111100010101000010010011
1011111011100100100010100100101101011010111110110100010101001010
1100001000010011101000100011010101111000111100001110111000001001
1100001011000001101111000000110000101111111001110110000000111011
1100000001001000010101001010101011101000001101000101001111111111
1100000000110000101000000011010101111000011110001111100010011001
1100000011000000000000001111001101010111111000011011010110001010
1100000101000001110010001110000111001111100010010100000011001111
1100011011101011010001000000010010011011010011011011100011001100
1100101111000110101000001001010000111011000010010010110100100000
1100101111010110101110011001110010101001000011111011101101100100
1100101110100011111111110010010010000101101110111110000111001100
1100101101001011010001011011000010000111000101000101000111000011
1100101010111111101011111010011111011011100001001001000101101001
1100100001010111011111110011100011000001101100001001000111000111
1100110001110110111011000010000110110111010101010001110101011011
1100110000111010011011100011000101000011101100011011010011000110
1100110100111000111011011000101100101111011110100110011000100100
1100110110001111000111110001101011000001001111111001011100111011
1101110011100000110100000100110010001000000001101011011001101111
1101101110001011000010001000100011001001000111010011011011001000
1101101011010110010100011100010011000100001101110000010011101000
1101101000000010001110111000010111110101000100101110000001100110
1101100000101000000111111000100101110011100010001110111100110100
1101100000001010000011111001100100110110100010001100111010000110
1101001111011111010110010011111101110110100101000000000101101101
1101001011000111001000001000010010100000011101010000011011101001
1101001010100011000000100110101110011000100011010111100001101100
1101001010000010010000100110101111111000100010010111100000101111
1101000010101000110100010101011010111001111010100001011111010101
1101000010010011101010111001010010011001010000100110010100100100
1101011010000001101010000010010100111100010000110110010000010010
1101010011100010011100010001101001011000010000001110010011001110
1101010110010001100011110001111110000111110011011010100101011000
1110010100000100100101000111100110001001010010000010010101101001
1110010001001001000000001001001011010101100000010011000100001011
1110010011111110011000010111000011111010001011101101111010001100
1110001110111010110000001000011011000101010010111000101111100010
1110001010000111111110111010010001010101000010111100101110101011
1110001000110000111000000111011101011001011110001101000010011001
1110001000101000011001011011011101100011000110001010101001110101
1110000010110011100001010100011110110111110010011101111101000000
1110000000101101011000111011111101100011101000101110101001111101
1110111011000110011000001111000110100010000100000000000001100111
1110110101010001110011111100000110101101011110100110110101100110
1110110100001111111111111010101001010001001110111001011001100011
1110110000101011010000111010011100010001101100101101010001011100
1110110010001000110010010001011100010011011110001011110000001101
1110110010011000110100000011011010111001011010001011010101101101
1110110010111000100100000011010110000001011010011010110111101001
1110101101001111010000011011000110000111000100000110000101000011
1110100101110010101010011001011011011111101010101101111101001100
1110100111111010011000010101001011011010101011101101111000001100
1111110001110000011100111001001000110101110010011101101000001011
1111110110011100100010010001111000010101010000011011000010000110
1111101100000111111011010100011111001110111000111011001110011000
1111101100001011000100111001101100100011001101011001101001011011
1111101000011011100100011101111100100011001001111001111001111111
1111101011010110000101011100010001000100011001100110001000001010
1111100011010111101011111101100010111110000010000111100000100110
1111100001010100011011000110000001011011000111001111010011111001
1111100001110100001011000011100011011011001111001101010101011100
1111100000111000110100010101110011111011101111000001011010010100
1111010111010100110110110001101011010101011110000101010110000110
