278
25
10100101101101110000011000000001
10110000100101011000111100010101
10110010001111100001011011101110
10111010011111111101010000110111
10111010011110111101010011110111
10111001000110100101011011110000
10001100110110011001010110011000
10010110001101111101111001101110
11111010001110111111010010110110
11111001001100111111000000110110
11010101101100011100010001110001
11010110011100111110111000111110
11001111100100011001010110101000
11001101100100111001010010001000
11001001011100011110000100010110
11001000011100111010001000011110
01011001101100111101010111001001
01011101101100011101110001110001
01001101111010011000110000010001
00100101101101111000011000000001
00111011110111110000011111110000
00001010111010011000110110011001
00001110100010011000010110011001
00010100111100111100011000110001
00010010100111100001001111101100
