204
19
10000110001100100000110000110011
10000100001101100000110000110011
10000100001101100100110000110011
10010101111000101111001000110111
10100100001011100110110000110011
10101101011111000000101001011101
10101100011100001001101000011001
10111101111111000000100100111011
10111101011000111110001110110010
10111110011110011110001111101110
10111110010001110110001100100110
11100110010100010110111110001100
01001001001110011001001000011110
01000110001101010011011101011011
01010110001011011010011011011011
01101001111110011011111000011111
01100110010100011111111011001000
00101101111110001101111000011101
00111110010010111100001101101110
