137
15
11101010101000101000111010001100
11000010101011100110111010011110
11010100011110101100001110011101
11010100010011100100000100100011
11010100000011100100000110100011
10111101000000110101000110101010
10101101001100010101010100101110
10100110000001000001100000010010
10000010111001100000101010111111
10000100011110111110111100110010
10011100001110101100101110010110
01011100000010111100111110111110
00101100000100010100010000100010
00101100001101010100010000000010
00101110000101000100000000011010
