339
52
11101010110100011010100010101111
11101010110100001010100010001111
00100010110100111010100010001111
00101000111100011010110010010111
00001000011111011010111010100111
11000011011111101110111001100111
11000110011101101000111001110110
11001010010101100000110000111100
00010010011101100010110010111100
00110010110010000010000010111101
10110110110010001111000010111111
10110100100010001101100110111101
10101100011010001101110101110001
10111100011110001000110111110011
10111100010111100000110110110111
01100011000111100000110110111111
11101011000101110001111111111000
10101011000001110001111011011000
11100011000001110001111011010000
11100011101001110001001111000011
11101011101000110000101111000011
11010001001000100000111111000011
11110101010001100010011011000101
11110111011011000010011000000111
11110101011010000010011000010011
10110100011000010111001010010011
10110100001001011110001010010001
10111100101000011100101001011011
10101110111101101100100011011001
10110010111101101100000011111001
10011111101000001100000011011010
10011111101000101100100001010010
10010011101001111000011001010010
11010010101010111010011001010010
11110100011010011110001001010010
01110100011000011110110000000011
01110100110110001111110000100011
01110110110110000101111100001011
01110111100111000101100110001010
01110011100111000100101100000010
01100011010111000100001100100110
01000111111110000000001101100111
01001111111000010100110101110101
11001110111100110100110101010101
11001110111000100100010101010110
11001010111010101101010001010011
11011010111010101101010001110111
10011000010001100100110001110111
10011000010101100100010001110111
10101100100101110100010101110111
10101100100100110000010001110111
11101100100100110000010101111011
