514
77
01100000111110111110100101111100
01100000111111111110100101111100
01100101111111111000101101110110
01100101111000111000101011110001
11100101011100111000101010111101
11000101011000111110101010110111
11000001011000111100101000110110
10100001001001101100101100110110
10100001000101001100101100111101
10100001001101111110101100111111
10100110101101111010101000110111
10110111101011111110100000110111
11001111101011110110100000111111
11001111101011110111000100110110
11001111110111110101100100110110
00001110100111110101010100101111
00001110100110010001010110111011
00101010100111010001010100011111
10001010101111001100010100010101
00101011001111000101110100010101
00001011001101100101101100010011
00101011101101100110101000010011
01101011101010101110101010110011
01101010001010101110111000100011
00111010001110111110101001101000
01110010000100111010100001111000
01110011100100110010100001101100
01100011100100100011100001111110
11011011101100101011100001110100
10010011110110001010010001111100
10010111110010000010010101111110
00010101111011110010110000111010
01111111111011111011110010111011
00111111011011111011110010011011
01111011011011101011110011011111
01011110111010001011010111111111
01011000110110001000001110111011
11010001110110101010011110111011
00010001110010111010010111111111
00010001110010111011101111111111
00010101110010011001111011111011
00110001110010011111010010111011
00100100111110011110011011110011
11101100101101100110111011111000
10111100111101110110101011101000
00111110110100100011101011101000
00101110110000100011110011010010
00100100000010101011010000010010
00101100010010111011000010111000
01100100010000110111100110100010
11100101000000100111101111100010
11100101000000001110100111000010
11111100000000101010010101000110
10101101000000111011000001000010
10100101010000010111010101001110
11100000011000010010010101001110
10100000011100010011100101000010
10000000010110110011101101010110
11000100010110010111101101000010
10000100100001000001101101100010
00100100010001100001100111101000
00110100010101100011100101100000
10010101010010000110100100100000
11100101000110000110110100101000
10000100100111000100110100001000
10010100101110100100110100001001
10010101101111101110110101001001
00010100000110110010111001001001
00010100110110010010110001001010
00010110110100110010110001001000
10010100110000110000111001001000
11000110111010010010011001000000
10000010011010010010011111000000
10000110111010100010011111000000
10000110011010110011011111100000
11000110011010110011011110010011
01110010011011010011011010010011
