961
176
10010001110101000011000001010101
10010001110111000010000001010101
00011000100011001010000001010101
00001000100011001010000001010101
00001001110111001010000001011101
00101001110101001010000011111101
00100101010111001010010011110101
00100101110111001010010011010111
00100111110111011011010010001111
01100111110101010011000010001111
01100011010101000110100010101110
01100011010101000100100001110010
11100010010001000100000001111000
11100110110001000100000000110000
11100110110000000100001100110000
11101110110000001010001110111001
00101110110000001010011110011000
00111110111000000010001110011010
00111110011000000000001100100011
00101110011001010001000100100010
00100010011000110001000101101010
01000011011010111011000101010011
00000111011100111011000101010011
01010111010100111010000101011011
00010111110100110110010101011011
00010111110101100100010111001101
00010101110001010100011110001101
00000111101011010100011110001101
00000110111011010100000101001100
00001110111011010100000101001000
00001110110011011110000101001000
10001100010011011010000101101000
00000000010010011010000101001000
10000101100010011010010101001010
10000110100010111010110101000010
00000010000110111010110001100010
00000110100110111011110001110010
00000110100010011011000001100010
00100110110010011001000000000010
00000110100110011000000100011000
10001110100110011110100101010001
00001100100010011110100101010101
00000010100010011110100011001111
00011010100010011110000011100111
01011010110010111110011011100011
01011010111010110110011011110011
00111101101010010010001010110011
00101111101110010010000010110011
00101111101110010000000010100011
00101111101111010000000010111011
10100111101111001000001010101011
10100111100111001000001010101011
11100111100111000100010100101010
01101111110111000100011110101010
01101111101111000101011110101010
11101110101010000011001101101100
11100110001010010001001111100100
11100100001010010011001111110100
10110100001010010011101111000100
11110100000010110001001111000101
11110110000010111001001011000001
10010110001011111001001011000000
01011110001101111011001011001000
01011110001001111011011001001000
01011110101111001011111000011100
01011110101110001011111100011100
11011110111110001011011100011100
10111110011100001011010100001100
10101110011110001000010100011101
10100110111110001000010100011101
10100100111111011100010100011101
11010110101110011100010101011000
11000111101010001100011101011010
11000011101010001110111111011010
10000011101010001110001111100010
10000111000010001101000111100000
10111111000000111001000111000001
10111111100000100001000111000011
10011111100001001001110100010010
01011111110001001001111110010010
00011111110001000001111110000010
00010111000101000001111111000110
00010111011111000011111001000000
10001111011111001011111000001000
10011111111110001011110001001011
10011100001100001000110001001001
10011010001010001010111000001011
11001010001010001111111001100011
11001010111010001011101000110011
11001110111011001011101000110001
11100110111001001011101000100001
10100110111101001011111100000001
01100110101100001111011100001001
01000110100000001111011110010001
10000111110000001011011110010001
00000011010000011000011111010001
00100011000001111001011010010001
00110011011000111001011011010101
10110011011000101001010001010101
10111011011000101011010001111101
10101011011000111001010001101101
10001011011001111101010101100001
00101011010001010001010101100001
00101011010001110001010101110011
00101011010001110001010101110011
01111001010011111001010001010011
01010001110011110001000011010101
01110001110011111001000010011101
01110010110111011110010110001101
01110010110111011111010110001101
01010011110111001111010110001101
01100011110011000110100110101111
01000001010011000100100011111101
01010101010011000100100001011111
01010101011001001100100101011111
11010111011011001100001101001111
11011111111011101100000101001111
11001011011000101100100100000110
11001111110100100100100000010110
11001111110101000100111000010111
11001101100111101110101100010111
11001101101111100110101110000111
01011101101111000100101110000101
11011101011101001100100110000111
11010001011101001101100110000111
00010001011101000101100010010111
10010011001101000100100010000111
00110011001110001000101010000110
00100001001110000010101010000010
10100001001110000001101110011011
11110000001101010011101110111011
11010010011101010111101111011011
11110010011101001111101010011011
11110010011111101111111010010001
11000010011111100111111010010011
11000000011011100011111010110011
11000000101011100001111001100101
01000100101011100001111000110001
01000110100011100011111000111001
01000100100011100011111000111101
01000100100011100001111000111101
11000100110011100000101001101101
11000100010010110000001000111100
11000000011010010000011000011100
11101010001011010000001000111100
11101010001111001000000100111101
01110000001111001001110100011101
01110110001011001001100100001001
00110111001011011000100100100011
11110111101011011000100111100111
11110111101111110001110111000110
11110101101111100001111111001111
11000101101011100001001110001110
11010101111011000001101110000110
01110101111010000001101111000111
01110000011101000000101111000111
00100000101101000010111111000011
00100010010111000000100011000011
10100010000111100001000011000010
10110010110111100001000011010110
00111011110101100001010011010110
11011011110101100000000011010100
11011010010001000110000011100100
11011010010101010110110111001100
11011110010100010010110101001100
11001010110100110010010101001100
11100010110010100010010100011100
11100110111110100010110100011100
11101110110110100000111100010101
11101010010100110100111100010100
11001010010100110110111100011101
11011010010100010110110100011101
11011010010001000110111100011111
00011010010001000101101101011011
00011010010101001111101110011001
00011010010101001101101110011001
