4077
269
1000011101101001000001010101001001000110001011100110001110000000
1000011101101001000001010100001001000110001011100110000110000000
1000011101101001000001010000001101100110001011100110000111000000
1000011111111001001001100000011101100110001001100110000111000000
1010011111111001001001100000010111000110001001100110000101000000
1010011111111001011001100000010111110100011011100110000101000001
1000011111101100111000100000011111110100011001100110000101000001
1000011111101100111000100000011111010100011001100111010001000000
1000011101101000111100100000011111010110011001101111010101101000
1011001100101000111101000000010101001010000110101110100111101001
1011001100101010111011000000010101011010100110101100101111110010
1001101000100010011111101001001111011000100100001110101111100110
1101100010100010011111111011001110011101010001011110101111101111
0100000110100000010011111001011111111111010001011110101111111111
0100100110100101111111011001001111011101010101011110100110110101
0100100110100100111111111001101011011101000101001110100110110101
0111101100000100110111011001101010111100100011000110000100111000
0011001110000100110110111001101011101100100011000110100100101000
0001001110000110110001111001001001011101110001100111111100100000
0001001100000110110001110001001001001101110011000010011111111000
0101001110001100011011110001011000101101011001000010001111111001
0111001110000100101011110011011100111101001011000010101011111101
1111001110000101101111101101111100011101011011100101111001100101
0111011110010100001111101001111100011101011001000101011101100101
0101000110011100010101101001011000000101010011001101010001100111
0101001110011100010011101001001000100101010011101101110001100111
0101000100011100011011101001000001100111010011100101100101100011
0001000100001000101011101101000001100011010111101000100001100011
0001100110111010111111101110000111100001011101001000100001110011
0000100110111001011011101010110111000111011000111101100001010110
0100100100111001011011101010110111001101011000111111100010000000
0010010101101001011011101000110011001101101001111011110010100000
0010000101100101011110100010110010001111100111111111110110111001
0010000100100111111000110010101010000110110011101110110110111001
1000001100101110101000100010100110000110010111101110110110111001
1001001100101011001010110010000110110110010011100110110111111010
1001000100101111001000010110000110111110011011100100001011111011
1001001111100001000000110110000111111111111010000111001010000011
1001001101111100000010110111000111111011110110001101011010000010
0001111111011100001010010001001111011010110110001101000010000000
0000111100011110001010001001101100011111110010101111000000011000
0000110010011110001000000111101000011100000000101110100000010001
0111010011110010001000000101101000010001100000101010100000010100
0111010101110010011100000110101010010001101101101010101000010010
0111010000101000010000101001101011011000101101101110111000011110
0110001000011011111000111001100001010000111101101110110001011101
0110101000001010111011101000101000110010110110101110110000000001
0010001100011000011110001000110011111011110110001010010000000001
0101000100010000001110000000010011110111110101001100010001000001
0100010000000010101110000001011011010001110100101101010001001001
0100010000000010101111000001011001010111110100101101010010100101
0000110010001110101111110011111000000111100111101100001010100101
0100110111101110100100100010001110000011100111101000001001100000
0000110110101110100100100110001010000011100101101100000000100000
0110110110100010000100000111000111110000101100001110000011101100
1110100111100110000100100111010111010001001100011000000101111100
1110101011100111010000100111011011110011001100011010010111001001
1111001111110110010001101111101001111011001100011010110110001000
1011001111100110111001101111001001011001000000011110100100001000
1011001010100111011101100001001011111011000011011110000100001000
1111100000100111011100000000011011101011001011011111000000011111
0011110010101111001000000001011100101010000011001011001000001111
0101010010101100100010000111011101001110001011001001001010101111
0101011010111100101010000101011000001100000001101101001011100101
1001011000010101101010110100011110000100000000101100111011101101
1001110000110101101000101110011100001100010010011100111001101101
1000110000100110001000110110011100000001010010011100101000101101
1000101001110110000001110110011100000101110010101100111010101111
1000101011110110100011100111111111000001100000101110111110001001
0100001001010110111111100110010101001010000000110111011111001011
0100101111010110011111101111010101011010001000000101010111001011
0100111101010100010110101111010100011000100000001101010111001011
0100101011011000010110111110000110111011100100001101011111101001
0100101001000000110000111000101101110111011011011111011011110001
0000001001000011110110111100001000110111011110010111011011010101
1011011001001001010101111100001010100111110110010001011011110101
1111011101101001010101101100101110100110100111110001101111110111
0101011100001000010100101100001110110011101011011001001101110111
0111010000001010010111101100101111110100111010001001100101010111
0111111100001111010011111100101011101101111011001001001001010111
0111001100111101011111101100101111100111111101011101001101010111
1111011000111010011111010100111011101110011101110001011101000111
1111101011111110111101000100110011000010011101110001111101000111
1011111011111011011001010111011011010010011001110110011101100110
1011111011111011001001011001010010100000011010110110011101100111
1111111011111111001011010001011010101100001010110111010110000001
1110101011110101010001010101011011101000101001110111100010000001
1111101011111101110001010101011001101100101001010101110010010011
1111100000111111110010010001010001101101111000111110110000010111
0001101010111110110010000000010011001101100000111100001101010110
0001100000011110110010000010011101001101000001110101001001010110
0001001010001010001111110010000101000101001100011011001001011011
1101100110001100101101101010110101010101001100011001101000001101
1001010100000001101000101110000001011111111100011011101000001101
0001011100000011100001101110000000111010101100001100110000011101
0011111100001001010001101100101001111010101100011100110011111100
0101111100101011010011101100000000111100101010001100110010111100
0101011000111111010111101000000111100000111010101101010010011000
0001001011011111010110001000000011101101100000000101000011111000
0101101110011110010011001000010111101101110011000101011011110000
0101101100001110011001011010000111100000110011010101111011010000
0101101001101010100001011010000011100000110000011101000011011101
0101001101111010100100001010111011101011100101011101001010011101
0001001101111010100010110010110101111111100001010101111010011101
0001111101011010000111010010010101111010110001100100110111011011
0010111110011010000110010011111100111011010101100111010111010011
0010111110001110011011010001110100101111111111100111010011010011
1010111110001010110011010011110100101111110111101111011001010011
1010011010000110110111010011100101000011010101001011111001010011
1010011110000110110111010011100101000011110101001000111001011001
0010011010000110000011011110001111100001110111011010010001011101
0110001000100110000010011100011101100101110001001000010001001010
0111000000100110000110011100001101010001110101001000110001000000
1101000101100100000010111100000111010001111111110000101001001000
1101000101100000010010111100100011000001011011110010101001011010
0100000111011100010010001101100011001001001011010010000000011010
1011001111010110010000011101100111001100101011010010000000110111
1010001111011010010100011001100001001100101011000010001000100111
0111001111001010010010110001100000111100000111101110001000100100
0110000011000110000001110011000010111100110011101010011000100100
1110011110110110011101011111110000111100111001100000011001001110
1100011110111110011101010011110000101000111111101100001101001111
1110011100111110111100000010010110100101001010101011001101101111
1110100101111101101100000010011100000110001011101111101101010111
1111111101111100100011010001100110000010001011000111101101011111
1111101111111100100000110101000110100000001101000000101101011111
1011001111111100100110011100100110011001001100000010101111001111
1011000111001101100010011101100111111010001100011110111110111001
1100000111000111100110101001001101110000001100011011111100111101
1111000111000111100111101001011101100100110100001010110101111101
0111000011100111100110000001101101101001110100101010010101111100
0011110011101111101010101101100100100001101101101010010110101000
0111111011101001101111101011000010101001111101110011011110001000
1001111011101010101111101001010010101010111100111011001011001100
1101110011001100101010111000100110111000111000101111111011001110
1010110011011100111010101000100100110000110111111000101011000110
0010010101011111110010111100100010110000110101001001010011000100
1001011111010001110010111100100010010001110111000001110111000100
1000010011000101110000111101011001010101110110001110110111100101
1100010011001101110000010001110001110101110100011100000110100001
1100000011001111111000010111011001111111111000011100010100101100
0100010001001111101100010110101000111111111000111100011101101000
0101000101011001111100001110101110010111101101111100010101001100
0111000100010011110001001110001010010110001111010100010101101100
0010101000010111100000001110011011101110001001010110010101000100
0010101000011111100000011011111000110110001111011110010100010110
1110100100011111111000011011011100110110010001011110010010110010
1010101101001001111000001001111110100110001001110010010110000010
1010111001010101111010001001111110101110001001110010010110000011
1010011011010111111011111001110110001000111011110000010011011010
1000101011010110111111111111110011000011011011110001110101100000
1001101011001010110111111111110000110011111001110001100111000000
1011101001011000010100111111010000111011011111111001100111000001
0011100001011000010000010111010100100011111111100101000110100001
0010100010111000001001000111001101110000110010101101000110101001
0011111010110000000011000111000101111000101110011100001110101001
0011110010011000100011100101010001110010111100010100000010101100
0011100010011100100000000101010011110000111101000010000010101110
1111100000000101000101001111000111111001110101010110000110011111
1110100000101001100110001111000111111100110100000110100010000111
1110111000101100101010010101000111110100100100000010100110000110
0110011001011010101010101001000111110110100101010000100110010111
0110011011011010011010101011000010110110110101001000100110010100
1111001011011010111110101110011110110110110101101100100110101111
1110001101110010111001101100010110111101110110111110110010011110
1110001101111000010001101000011110111000001111011010110010111010
0110011100111000100011100010001101111000001101111100110110111011
0110010000011001100010100010000001101010111100010000011111111110
0110110001000000100110100010011000101011111100010000111111101010
0110110000000110110110100010101001001000111011011000110101101110
0111011000010110111011100010101011000101011010011001110101101110
0111110001010000011001101110101011000101011010000001111101011010
0111110101000010001011101111101011100101011111000101101101111010
0111110100100010011100110100111010100100011011100101101101111010
0110110101101010111111110010111011100101001011111101101001001000
0100101101101000111101110011001111100011001011000111101011001000
1110101101101011101110100110111111000011011011000001001011000100
1110101001101110101011110110111111000111010111111001010111001100
1110101011001100101111100001101111000101110101010001010010001000
1000100011001001101010001011111011001101111001011000010100001001
0001101000001011101110000011111110001101101000111000110100001010
0001111000010000001011000111011010011101111000100010011110001110
0001001100110001101011001111011010001001001000100010010110001011
0001001100111001001111001110001010001001001010100110000110101000
0001001100011011100011101100100010001011001100100101110111101000
0001001100010111000011100110000010001111000101100110110111111100
1011011100110111010011101110010010001110001101100100110000110101
0010011111100111010001100000010000000110101101110110010110011101
1010111111000100010000010010011000001100100100111110010010010101
1110011001000001010011010010111010001001000100101111110001010101
0100111000000011010001011010111111100101000101101111111100000101
0110001010000011010100011010011101011101100101101010111111110111
1010110111110010001010011010111001011100000010000010101110111111
1000111110010010000010011011101001000010000110100010111010111111
0000011110010011000110001001101001000010001100010000110011111101
0010011100111001000000001001100001110011011101010110100011011101
0110010111101000000000011001110010110111011101011110000010010101
1110010011101010000000111010110010010101111101011110000111110101
1110000011111110000001101011010010010100111101011111100110111001
1110010010111110010011101011100000110100110101010011101111010001
1111010010111100010101101011100000110111100111111011111111110111
0011011011001100011100101101000000100111101101111010111111111111
0000010010001010011100111101000000101111101101111001111111011011
0000111010000010011001001100100011000011100111111110111011010011
1000111010000010011000101110101011001101100111010011101011000010
1100101110000100010000101110011011011001100111100010101001000010
1001101110000101110010101111111011111000100001110000101101000010
1101001110010101110010100011111010011000000001110100101101100010
1101010110010111110010100001100100010001011101100010000001100011
0011000100011111110010000000100100011001011001001100100001100010
0011010000011111110010000000110100110000011000001100100001100010
0011010001011111110011001001000100111000000000001001100101100011
0011100010101010110011111011001100000001100100001001110101111011
0011100110110010100111101111001000000111100100001000100111011011
0011100100101110101111111101001010010110100101001010100101011011
0001111100101110111111011111011010010100101101000010101101111000
1011011000101100111001010111010001000100101001010011111110001100
1001011000001100101001010101100101010100100011100001101110001100
0101101000111100101001000101100001111100000011110001001110100101
1101001100111000001001100011100011110100010011110001011101110111
1001000110101110001001011111100011110001011000010001111101110011
1101000110101100101000111101100011110001010000010001101001010011
1110000101100010101000001110000101110111000001011010011011010111
1110000001100000111001001011000101110111100110010110011011110110
1000000001000000111001101011011011100111110011010110001011110011
1000111101010001110001101011010011101111110001110110100001111010
1000111110000011010011101000110111110011100111110110000001010000
1000111110010011010010100101110110100011011111110110100001000000
1001111100010011101000101111100111100111011111100110101101000100
1001111100010111010010101111000000110111001010010110111001101001
1101111110110111010000011111000110110011001001110010111010100000
1100011001110011000000000101000001110011000011110111010100010000
1100011100110010000100000101000011010010000010100111000011110001
1110011100110110011010000110001101000010011010100001001111100001
0110010101100101011011000110001111001000010010101001001000100001
0000010101000101011011110111000101001000011010001101100010000001
1101110001110111011011000111000100000000011010001100100000001100
1111110100110111010111000111001100000001011010001110000011001100
0101100001111100010011000100101100101001111011001111001001000100
0101100001111000010010000111110011101101111111100101001000010101
0111001110101000000000010011010011101111011111100101000100000100
0101011110100000010011010011110001101010011011010101001000100100
0101001000110000010011000010110011001010010011010101001000000100
0000001010010000001111000010110011001100000000010111100001111011
0000001110110001111101110010010001001000000000110111000001011011
1011101010110001110000110000010001001000010110100101001110010011
1110100011000101011010100101011001001100011110101100101010010001
1011001011001110001110000111110001011101011100101100101010010101
1011101001111110101101100011000000001001011100101101101110111110
1011101001111110101101100001000001011000111100001101011110111110
1011100001111010111101100000110001001000111100001101011111111110
1001100001111010110100010001110101001000111100001101011110100110
1001100100101000100000010000100101001010111100101101000110111010
1001110000111001100000010000000100001010100110001111110110111000
0001100110111001100000010000101100001111100110001011010110111000
1101000000001001101011000000100100011111110010101111110111111000
1000001001010001100011110000011101011111010010001011100101100000
1000001101010000100011110000011101011111010010000011100101110001
1100001111110000100011110100111001101111011010000011000100000001
1000001111110000101001110100110100111010010010010011000110001011
1100001111110101111000110100000100111010000010110011011110001010
1100001111110101101010010100000000101000001010110011011010101011
0100011101100000101010010101110000001000011100110011011011101011
0111011100100101101110010001111000001000011100011111011011101101
0111011100100101111110110011111011100000011101111011011001101101
0111011000100001100110110010110010100000111100110111110100101101
0111111000100010100110110010111110101011111100010110110100101101
0111100000100010100110101010111010101001101110010110110100101101
0111100010100010000010111000111010100100101010000110110000101101
