6082
389
0011111100010111010010111100010111011011010111000101011011001011
0011111101010111010010111100010111011011010111100101011001011011
0010011011110111010010111101010101011011010011100101011001011011
0010011011100111010010011001010101011011010011100101000001011011
0010101011110111000110010001010000001001010001000101000001010111
1010100011010111010100100001011011011001010001000001000101000110
1011100010010100010000100000001011010101001000001000000100000110
1011110010011000010001000000101011010111011000011000001101000110
1010100110101001111011011000101011000111001000010000011100100010
0011100110101101110111001001101010000010101010100001011001100010
0001100110111111110101101001100010000110101110101001111001111010
0001100111011101101101110001100000000110101110111001111001111110
0011101111011001100001111000100000000110101100010101100011111010
0010001111111001100001111010101001000100101000010000100111101011
0011000011100001100000111010100000100100011000001000100100001011
0010000101100001100000111010100000100111001000101001000001010010
0010000111100001100100101110000010000101011100101011000101000010
0110001110000000101100101110000000000001010001111001000101000000
1101001111000000101000001110001000001001000011100001000100010000
1101000111100000111000011110101100001000010011100000001100110100
0001000111100000101000001110100100001000110000000100001100110100
0111000011101011100000110100000000001000111010001110011100110100
0110000011001101010000111000010000001010111011011101011100100011
0111000011001000010000101001110110101011011010001101011101000011
0111101011001000110111100000000010101111000000010110011001001111
1101101001011000110111100101001010100111011100010011101001001111
1101011101011101100111100111001010110100011010000111000010011111
1100010110011101101111000111001010010000000010000110010100001110
1100010100011100001111000111101011010100010010000111000100001100
1100010100011100000111000111101011010100110011101111000010001100
1100000101001010110111000111001011000000110111000100000000011111
0110011001011111110111000111011011100000110110000000000100011011
0111010000010110100101010101011011101010110000000000010000001011
0101011000000110100101100101001011101010001000000000000000001101
1100111000001111100101101100001001111011011100000000000000001101
1110001101011011101101101100001000111101000100000100100010101111
1011001101011011101101101100011000010111001100000000100011101110
1111000101010111101101101000010001010001110001000000100111101110
1111100101010111110001001000110001011000010001000000100111101110
1000110101010110100001001011010001111001000001000000000111101110
1001110000011110101001000010111111111011101101000110010110001100
1001110000011110001110000010110111101111111001010011010110001100
1001010000011110101101011000110010101111110001010011010110000001
1001010001011010011101011000111010101111100101000011110100000000
1101110001001110011001111000010010100111101101000010010100000101
0111110011010100011001111000010110001101101111001000010110110101
0111111110010000001000111100110111101111101111001000010011010100
0001110000010001001000000100100001011011111111001100100010011100
1001101101001000011110011111101001011011001011111110110010010001
1000101101001101011110100111100110110111001110101100101000010111
1000001001001101111110100100100011110111001110101110101001010101
0001001001101101111110101100101001110101001111001011110000010101
0101011001101101110100111101101001110111111001111111111000010110
0100111001101111011101011101111000111011001110111111111100110110
0011111011001111001110111000111000011010001110111010101101111010
0110111011001111101000111000111000011011101110101010101101111110
0010111010001111101010110000011010011011001011100000101101101110
0110111000101110101011100000001000011011000000100100101101101010
0110111001101110101011100001100000011011010000100100101100111000
0110100011101010000011000111101010011011000010000101101101110000
1110000011111011000011000011101010111010000010011011101100100100
1110000011111000000001110011101011111010000011001111100100110100
1111000011111000100001111110101011011010011001111001010100110100
1011001111111000000111111110100011010010001011101001010101111100
1001111011111000000100101110010100111001001010101010111011011000
1000011100111000000110100001010100101101011000111001111001100110
1111101100111101110110110001110100101001111001111101101001100010
0111101100000101010110100000010110111010111001111101101101100011
1111101000001101010110101001011100111010011010010100101111100000
1011101100011101111111111111110110101000011010010100001001100100
1001001100010110101111101101100100001101011000000100011010110000
1110001100000110101101101110100111111111011000100001001111110000
0110101100010100101001110110101111011110110001100000101110110000
0011100100110100101011000110111110001110100000000000101110110000
0100111101110111111010010110111110001110100110000010101111110000
1101010010011111011110111100010010011100100010001010101001110000
1101010011011000011110111100000110001100100011001010100001110001
0101010011011010000110111100000101001111000001001110101001110100
1101110000111110101010111100000101101100100001101111111001100010
0100100000101011000010011101000101100100101100101101000011100010
1100101100100111000011011101001111111101000000101101000011100010
1100101110111101000011011000011111111111000101101001001111100010
1000100010111101000011010000011111011111101110011001110101000010
1010100010111100000011110000011111001100101110011011110101000011
1000110010111100001001110000011111001110101110010010101100001001
1001000000110100001111111001111111001000011000110010101110101010
0001000000110100101111110010111110001001011001010010101110101010
0001000000000100100010010110110011000010101110110011101010101001
0111100010101100101000010110110000000000101100110010111011001000
0010111000001110001101010100110001000000101101110110110011001010
1010110010000110001101101000111111000110010101101101010001001110
1010010011001111100101101000110110010111010111010001110000101110
1110011111101110100001101100110110011111000111111111000000001010
1111111101001100100101101100110100011111100111101110000000001010
1011010101001100100101101100010110011100100100110100000110001000
1001000101001000010101001101010010000110100100011100000111001010
1011001101110110001101001101000110010010100110001000101110101010
1011011100110110011100011101101100010000110011011000101111101010
1010111100110111011010001110111100011010011011001000000000101011
0110010101010001011011101010010001001000011110011000101000101111
0110010011010001111001001110111101001110011101001000101101110111
0011010010111001010100011100011101000111111101011000001101010110
0111010110111011010000010100010101000111101100111000001101111110
1011011110111010100000000000010101000011111110111011001100110000
1111000011111010100000110110010100110000111011101110111000100001
1111001011111111000000000110010000010000111111001100110010000001
1001001011111111001000000010011011010000111111011010110000100001
1010001011100111011011000000001001000001111111011110110100100001
1110001100100011011111010000001101001001111011011011101110100101
1100000101101011011111001001011000001001100011001001101100001111
1100000100101011011011001011011000000001000011011001111000011110
1111000101001100010110000010010000100001010011011101010001001010
1011011001001110100110100110111100100001011001111011010010001010
0011011010011110000110000111111000100001111001111011010000111111
1001011100011010011011001101001000110001100110100001010000011101
1000010101010000001011000111011101010011100111010100111001111111
0001011100000010000111010110011101111011111111111010111000111110
0001001110110010100011010110011111111011111111111010001000011110
1000011110010010001011010110011011101001101111111000001010001100
0000111110010001000111011110101110011101001111011010100100010110
1100110110011000001001001010101100010111101111111010100000011101
1100010111011000001001010010100010010111110111111011110000011101
1011101100011101010001010011110000000101111101100111110001110101
0011111000001011100000000111000100110100011101000111110101011100
1010001000011111100010000111000001110110010101010111100001001100
1000001000011011001101100010010000000110010100010111000010101001
1000000001001011010100101010010011100000011100011101100110111001
1000010001000001000100011010110011100000111100111001111110100110
1101000001101000011100001000110101101001110101101000011110100111
1101000001101000011100011110110111001101111101011101010110100111
0101110000111111000110101001110101010001011001101101010011101111
1101110010101101001100101010111100010000011001101111001011011111
0001110000101010001111101010101111010000111001110111010011111111
0100110001001010011110001001101011000001101001111011001011101111
0100101011101101111111110001110010100001100100111011001001000101
1111100011100101111100010001111010110011100100011010000101000100
1011100101110001111000000110111100110010000000111110010101101101
1010110111110001111000110010101100110011000000101000000100101001
1010100010010000111100110001101000011101100000000000000100101111
1011100010100101100011110010011001111100100110000000100110101111
0011110110011101100001110011011001111110010100000011110110101111
1011111101011011110001110111011001011010001110001011110011101001
1001110101111110101001010010011001011010101110000101110110100001
0101100100011110101001110000001000010011001110000101110100001001
0100100000001000111101110000010000111001101111100101010100000100
1100100000011100111100101001111100001000101011100101000101100001
1010000100011100111110101101100100011000111011100101000101000101
0010001100001110111100001101100010011110001011100111000101000101
0111100001101100101100001101100110111110001001000110000100100110
0111100111110110101100011011110111110011011101010110001100111110
0110110010010010110000011011110111110011010111010101100101011111
0010010111111001110000111010010111001110001111010101111111011111
0011010111101000011100110010000111001110101111001101101111001111
0111000111101101011000110110000101001110100110001100001110101110
0101000111010100001100010100001110001010000100011101001011101010
0101100001001000100111010101000101011000000101011101001001111010
0111110101011000010111000101011000011000011001010101011001111110
0111100101111000010111110101100010100000001011000100110001111110
0110110000111010110111110011101110010100010001000110100100111111
0111110000111110110111110010011110101101000001000100110100111110
1110110100110101100011010110100101001000101111001001000000101110
1110111101110101000001111110000101011100101101001101000010101100
1100011101001111100001010111101011011100011101011101000100010100
1100001101001010100101001001001101011101011111011101000000011000
1100001101001011001110100001001111011001011111110001010111010100
0001011101011011000111110001001111001001110111100001110101010000
0001011111010101001001111010001101010101000111110001111100111000
1000011110010101001000110010001001111100100101100000111100111000
1101010111010110111010110010001100111100101111010010111000110010
1111010111110010011101111010101000101000111110000110100100110010
1111010110100000111011111010100000101110111111010100010110110010
1011010101000000111000111110001000101000011001010100000110100100
1010000001100000111001101111001000101011001011011101101100000101
0110100101100010011001100101001000100011000011001100101111010101
0110110111000011111101101100101000000111000010011100001110110101
0000110111000011111101010100100011100111000111011101011000111001
1110110111000011011001010011000010000011001010011001011000000000
1110111000010001010000010011110011100011101011011000001101101000
1010010010011001010001010111010011000011100111010000011111101110
1100011111011011011101000001111000010010110101111000011101100111
0100111011101101000111001001111110111010010000010000011100100111
0101110011111101000111001001011111111110010000111010011100111111
0101111111111101000110101011010111101110111000111110010100111101
0101101011110101110100101010110100011110111010110100010100111001
1111100000000100010001001010110100011010101010100100100100101010
1111100001001100000011011001110001100010001010100100011100010110
0111101101011010100011001011100101001000100011111100011100000101
0111011101010100100101000011001101001100101111111101010100100101
0101001101110101101100100111001001010100001010110011010100111111
0101111111010101010101001011000111110110011010111001001100111001
0111111001111110110110001111110111111010010000101011000111111110
0111111011111110010110001111000110101010010000101100001111110111
0010110101111010100110000111000011101010010010101100000100010010
1011011111111011000100100011110010111011011010101100001100010000
1011011110111111000000100010010000101111001100101001001100010010
1010011111110111010010011010110110001110000100001000000101110010
1010011111110111000110011110110110001111000110001000000101110001
0110101111110111000111010111000111000011110011111000110101100101
0100101010110111000111011111010111000000111011001000110001101000
0000101110110101000111011111010101011000111011000000110001101010
0000001011010001000011011111011100010000101011110100110101111110
0000100011001011000010101101111100110000111011110000010111101100
1010100011100111010010100100101111111000101001010100110111001100
1010110010100110010010100101101111110000000000110101010011110110
0010110110100110000000100101101111110100010010110111010011100100
0010010100100010010000000001011010011101101110110100010010000101
1010100000000001010000111001011001011101101111100001010110000000
1111100011000001000000010100011101001100101111111100010110000000
1011101000000001110100010001011001001001110101110000010110000011
1011111000010110110100000011011001001000110110100000110100000010
1111111001110110010000100011011000010000100111010000110111110110
1110110001110010111001101110011101110000001111010010110111100110
1110110001100001111001111110011101110100011001110010110111100100
1110110001101001110000011110011101100000011111101010110110100100
0100011101101011010101010100011101100001010101001000110100000100
0000001101101000010100011111111101100001110100011001010000001001
0100100101111100101101010111111000101000100100101001010110000011
0100101000111100001100110101111100101100001100101101010010010111
1001101001010101010101110000111101100110001100110100101110110011
1000101011001001010101110000100101101110000100100110101110110111
0000111011001011010101110000100011110110001000100111001111110011
0001010010110011000000110100000010110110001011011111101110111011
0011010010110011110011110100000110111110001011101001101011111111
0011101010111111110011110100000110111010100010001001011010111101
1011111011111111110110101100010110111111001010001001011011001100
0101011010001101001110101010011010100111000110011110001001011001
1101110000001001001110001000011011101111000011010110001011011000
1100110000000101101111011010011000111111000011010010011101010010
1000011010010000101101011010011010101111010010010011101101010110
1000111110011000101101011010001001101011010100100011001111000110
1001100110010000001101011001001101001011010100100011001011001101
1101000110110100000100100011001000001000110111111000011011011101
1101001110110101100100100110011000000000110010110000011111011000
0111101111010101100100100110111011100100100011110001011110011100
0111001110000101100010110010110111110000000011110001010110000101
0111101101000101101000110110010110010100000001010000110010001101
0111001100000001100010100110111110010101100101010100110100001001
0001001000010101111111101110110101010101110100000100110101101101
0100001010000101011110101110010100001101000010000000110001101111
0110000011010101111110111100011110011110000011000001110001100110
0100101001011101101101101101011111010110001101000100010010101111
0100110001011111101101101001010110000111101101001101000010101110
0111000000111111101101101001011100010111011101001101100010101010
0010100000111110101000001101001100010110001101101100100010100010
0010101000101101110100001110100100010111101101101011100010000010
1010101000101111100100101111101100110111101100100011100010000110
0010111000111110001001111101001110010101100100010011000011010110
0111111100110110001001111100001110000101110101000001100111110111
0101100110100100110001110110001111100000100001100001111111111010
0111001110001100100001111110010110100001101001010001111111110010
1101000110001001011010101110010010100101101001010010011001010011
1001101010000001110000100100000100100110100001110010111000010101
1001101110010001100000100000100101100000001011100010110000010101
1001111100110001100000110110101111000011000110110010000010110110
1001111101110001100100110110101111001010100110111010000010000010
1000100011010001101100000010001110101110100110011111000010000011
1010101010011101101101000010101010101100001111011111001110000011
0010110111011101101011000010111010000100001111011111101110000111
0001110011110000111111001010111111001111001111011110100101001100
0001010011110100110110001000011111101110011111000110000101000000
1001010101111100110110101000000011110110011011100100000100110110
1001000100111110111110101100011001110110011101101100000001110010
1101000100111011111110101100011001000100001100101100010001100011
0110000100011001111010101110111001100101101101101000010001100001
1110001110010001001011000110111101100001111111010010010010010001
1010101111010001101101000010111101110001111111010010100010000001
1110101110010001101100100011111111100111111101010011100111011001
1110100000110001011010100111101011101111111101011011100011010010
1110101000000001011010101101100001111101010001111011100001011010
1111100010011010010010101111110000111100110001111111101001011111
0110101011011010010011000101101000111101110000010110111011111110
0110100011011010110011010001101001110101110000010111011011111110
0110101111000110110011010101100001011001010000111111111010111110
0111110110100100011111111001110011111000010000101110101000111010
0110110111110100011111000010110000001100000010101111101000100100
0010111010110110011111000010100100000101000010111011101000100100
0010111010100110011010000010000100000101100010111011011010101100
0111010010111100001000000010110101000000110000111001111110101100
1101010000110101000010010000010011100000110010011100110110000101
1110010000110101000000010100100011011000110100110111010001000101
1110110000110100111000010100110011111010110100101111000011000110
1110101000110100011000011110100001111010110100101011010011010110
1110000000010100001000011010000011101011110111101011010001001100
1000000100011100101100001010101011101011001101100010001001111101
0101101100011110101110001010101010011011000101100010001001011101
0001100100001111000111001100111110111001011110000010011000011101
1001000100011101100001101000110110000100111100000010011000011001
1000010101010101100001101010000101000100111100010110001010011001
0010010100010000000101101010000101001100101100010111101110011000
0010000000100000101001101010010101101100001000110111101100111000
0000000010100000101001001010011100101100001000110111011100011001
0000000100100000101000011000011010101100001110111101011100111111
1010000100100101011000011001011110101100001110110100001100111111
1011000100000101101001001001010110100101101110110010101100110101
1000100101100101001011001001000010100000100010011001001100110000
1110100101100001101011111001000010100000101010011001001100110000
0111110101110001101010111001000100100000101011011001000100010000
0111110110110000001010110011000100110000101111011001100100011000
1101111110111110001111110011100000110000100111100001101100011001
1000011110011111101011000111101000110010100111110101101110011101
0100010111010111101010000101001101111010100101111110111110011111
0100011110000111101010000110001101111110100001011110110110011101
0100011110000111011011011001000101110111100011010110100110010100
1100010110000100010100111101011101111101101011000110110110010110
1100000100100100010110111101010111111100101000000100110110010110
1100101100000100011111111100011101111000100100000100110110010110
1100111101000010011101111101000101111110101100110010010001010111
1011011111000010101101110100001100000100101111110101010001010010
1011111111100000101100110100001100000100101010110111001001010011
0011111111100000001111000110001110100001001110111111000001010011
0010110001101111011011110110101110000101000100110111000100010011
1011110001101100011011110011001100001101000100110111100110010011
1111000011111100011011110111001001001101100110101101100110010111
0111000011111101010011110111001000101101101110111101100110010111
0111001011101001100111100011100010101111101100110101101110010000
0111000001101000101111111111000010101110010011010000011010000000
0001001000101000101111111111000010101110110011111101010000110010
0001011010111010101111111111100011101110110011111110000100000100
0110011010010000101111101111000011001100110101101010001110111001
0010010110010100101110001111010011001000110101101010001100111010
0110010010010101111011001001010111001010111011001010001011111110
0100011010110101101010001101110011001011111111001000001001110111
0001011001111001001000001000110001011001011101101000001001010100
0001110001111001001000001010111000010001001000100000001101100100
1001110010101101000000100011001011010001101100010100010001000110
1001110010001000000000110011010011010001110100010000000101000110
0000110000000010011000001011010010100010111100010001010000011100
0011101001100110011000011010010110101011101000111011100000011101
0011101101000010111100011010000111101110111000011011111000010111
1011001111001000111101001011011001000110111000011001011000000011
1101001111000011011101011011001001000010011011001101111111011011
1100001001000111010100011001011111100011011010101001101111001011
1100001000001011010010110001000111100010011100100100000010001111
1110000001001011010010110001000111110010101100110100001010101111
1111000000001011011010110001100101100010111101110100011010101011
1111000101000111110110111001101101000000101111111100011110101011
1101110001000111110110111001101001000100111110111110010110100010
1001110000000111010110111000001001001101111101111110000100000011
1001110000001110000110111000011011001100111000111111000100100011
1011011101101110001100101000011010101110111010111010010100111011
0011011101101000011100101000010010101110111001111001110100011010
0011011100100110010110101000110010101010101001111001100100011010
0011111100110110010011111110100010101010101010101001100110101010
0001111100110110011111111110110010101100111011101001000110011010
0111011101010110011110101001010011111001101010101001100100011010
1111011101011110011010101000010001101000101000101001100100011010
1111011001001100011010101001010001100001101000101001100111001000
1111110010101110011010011110011101100100101010011000111111001001
1111111010101110100010001110011101100100001111011101011111100010
1111110010101100100010000110011111100110101101011101001111000110
1111110010110001100010010100011111100110101100111111001111011010
1011010101110000000010110111011111000110101100101111011100011010
1011010101110000100010011011000100000110101011001100111100011001
1001011001110010100010011011100100000110101011000001111100011001
1010011000110010101010011011100000001111101111001010111101111011
1110111000010010001010011011100000001111101100000010111101111011
0110111000010110001011011111100100001111001010101010101000110011
0101101100010111011011011111100100001111001000111010101100110011
0101111101010101001101110111100100100011101000110010110100110011
1111101101010011101101110111100001100000100000111010110110110111
1101001101010011101111110111101010100000000100111011110111110111
1110001101110011111111110110111010110000001000111011110001110011
0110100101000111110111110111111010110000101010111001100101100011
1011010101000101110111101111111110110100100110111001000101101111
1011010011010101110011100111111110110100100101101001100100001111
1011010011010101101011100101001101111100100111100001110100001011
1011010111100100111011000101011111111100100111100001110011001001
1111110011100100111010000101011111111001100011000011111011001001
1001010011100001101000010101010011111011100111000011111011001001
1011010001110001011100010101011111111011100111111011110011100001
1011110000011101011100000001011110111011110000111011110001100001
0010110000001011111000001001111110111011110000111011111000100001
0110110100011011010000001001111110111001111100111110111000100001
0010010100011011110001011001111110101000111101011100111000110000
0010010100011011011000101001110111101100111101011100110001110111
0110010000010101001000101001111111101100101101011101110111110100
0110110000010111000000100001111111010000110001010100111111110100
1011100000010111001000001001100110010000100000001101101011111100
1011100110000100001000000010100110011010101000111101101001101010
1111110010000100001000010000000010011011101110111101101011001010
0101110111010001101100010000001001111010101111011111101011011011
0011110111000011110100100100010000111001101111011101101011011001
0011001111001101111001100101010011111001101110010010111111011001
1011011110001101111001000111010111011100001100010010111111011001
0011011100001101111101000010110111011000001100010000111111011000
0010011100001001010101000111110111011101000100010000101111011000
0010111100000001011101001111010110011101000101010010001101011000
0000111101101110001101001111001110011100000001100010100110100010
0001001101101110001101001111001110001111001101110000100010000000
