5290
324
0110100011100000010000111010001111101011000111101000101110111110
0010100011100010010000111110001111001001000111101001101110111110
0010101011100110010000110110001111001001100111110001111110111110
0110101011000110010000111110001111001101100111111001111110001110
0110111011000100110000111010001111010101100111111001111110001110
0110110001000100011011111010000111010111110101111001011000101011
0110010011000010011011111111000111010001110101101011011100101011
0110001010000010111011111110000111010111111101101101011100011011
1111000000010000101010011110000111001111111101110100110100011111
1110000000010000000010001110000111001001101111010011110010011111
1111000100010000010010001110011111011011111111010011101010011111
1000000100010010010100000110011111001111111101010011101000011011
0001000100000010010100000111011010001110100101110011101010011010
0001000101100110010100000111101110101110100110010011100011011010
0000000101101110011101000110100010101110100111011001100011001011
1010010101111110011100001010100001111110100110011011101010000010
1110000100111110011100001000010001011010100100011011101110001001
1110100100111110010100011010010001011001100100111001110110011000
1100000101011010010100011010000001111000000101111101110110011000
0100000101011010010101011100100001010000010100010101111010010000
0110100101010000010111010111000001010100010100000100110100100000
0010100001011000000101010111001110001100010101110110111000110010
0010100000011101001100000110001110001100000111000100111000110010
0010100100010101001010101110000110001100000100000110111101101110
0000101110100101001010111010001011110101001100000010110101101101
0000101111100100011000011000001110110111011100000010101000101101
1000001111100100011010011000001101111111010100100010100111101011
1001001101010100001001110000001110111111010000101100010101111011
1101100101010100001001100001001110001101110000101100010101110001
1100100111011100001111101001000011001101110011101000001011101000
1101011011010100001111001011000011011101100011101010011011010000
1110011000110100001101101001110001011001101011100001011011000000
0110011100101101011110100001110001001111101010100111101011000011
1010010000111000011101101001100000101111001010101100001011101001
1010010010110000011001101101100001100111101000101010001110101000
1010110010111001110000011101110001100111001000101000111111101100
1011110111111001000011011100111001100111001000111100111111000100
1001100111111000110011011100111011110111001000111101011110100100
1001100110101000111111011111010011000111111000111100111011100100
1000000111101000110011011110011001001111110010100100000011100100
1010110010001000110011010000011000000111010110101011110000000100
1011110010001001110010011001001100000011010100001001100001001100
0001100010001010010000001101001001001011010110001001110001001100
0101100000011010111000000101001001100011010111100001110001001100
0111101100001010101100100001001101101100110111111001110001001100
1111110100101010100110100001000101101100110011111001100101101100
1000101011111010101101101010010101001110100011001011100101100101
0010000101001001101101001010000010101111100011011011011101100111
0010001101011110101101001100000110001011010011011011010101100111
0110100001010010101000100111001100100010011001111010011011000101
1110001001000110000000101111100100000010010000100010010001000101
1111001011001000000000101111101101101110111100000110100000010011
0011110011001001001001011101101100101110011100001010100000010011
0001110011011001000001011100111100101110000010001010000000010001
0001110011011001010000001100011110000110000010101000010000011101
1001110110011001000000011001011110101100000000011000000010011101
1010110110011101101010101101011010101100000010010110010010011011
0010110111010100101000010100001000111110010010111100011110001011
0010010100000101101000000010100001010110011111110000001100101010
0011110101101111110000000000010000110111011111110101000101101001
0001110011101011010001100010111100101101010010000100000101001111
0000000011100011101011110010001100111111110100001100101100010000
0100000001000010101011010000000111100001110100001101111110010001
0101000101000010100011110000010110100101010100000101110100100000
0101100101000110010011100001010110101101011100000101101100100000
0010000100010100010111100101010110101101011100110010000110100000
0000000110100000011110001100011111101101001001110111011111000001
0110001110001000111110000000010010000101000000110110001111001010
0100001110001000111110110101010011001101000000100100010111101010
0100001110001000001111110111010011001101000000100110001001101010
0111001111111000011110110001010000001101000000100110001100101001
0101100111010100011110010000110000001100010010100110010010101001
0001101001010010010110011010110001001100110010101101010010101011
1001000001001010010110011011100001110101110111111101001000110011
1010001001011010010010011111111001010001110111111101001000010001
1011111000000101010110011100101001101001100010001100000000111001
1110110110000011110110011000111010101111100010101100101101011000
1110000011001011110110000000011010011001001011100100101001011001
0010101011000011110111101010011010011110001011100100001100010101
0100011001000011110110101000000000111010010110110110001100001000
0100110010010010110100100011010010110000010010011010010110101000
0010110010010110110100000001010010110000010110111010110001101000
0000110011000010110001100100000000110000110110110010111001101100
0000110110010000111001010110001000100000011110111010101101001100
0100100011010011111101010100001010100111111110011110111101101000
0100111011010111011111111111000001100101100110011100110101101001
0110111011000100001011001111000001011001010110010000110101101111
0100101011011000111000001111000101010010010111110000110111101000
0100101011011000000000001011100101010110001101100010100010101001
1001100000110100010000001010100111011100001001101001111000101101
1000001110100000000011101010100011101100100001110011110011101000
1000000010100010010001101010000011111110100001100011110011101010
1010001010000111010111101101111111111101000000100000110100101010
1011100011000111001111101101110011111110000000000101100000100110
1010001111101110101011111111111001100110001000001101001000100100
1010110100101111101011011111111001100100110100101101110010100100
0010100000100111100001010111111001110101110001111111110010111110
0100100110100101100001010011111000010100110001101010010001110110
0001110111000101100001100011111011100010100001110110011101110101
0010110010111110100000010111110011101011000011110000011101111101
0010100110000100011000010101111110111011010011110110010101001101
0110100101000000010000111111101111111000101011101010000100110101
0110010000000000010100111010101111111000001010101011010100100100
1010000100100000010100101110011101011001100010010111000110100100
1010010100100100110100101111011111100000000001001101000110000110
1010110001100110100000000111011111100101000000111001011110000010
0110110101100110101101011110111010100000100010111001011011100011
0110011100101111110100001101111111000000100010010000001011110010
0110100110001111110100010100100010000000010011010100000011101110
1110000110000111110101000100101110011110000011000111001110101100
0110100111000001101101000100000110010111000010000111001111101100
0111100000001100101101000100000111100110110111001010111001010100
0111100010101001101101100100001101100011010110001010111000010100
1111101111101000001101100111001001010011001110001110111000010100
1010111101001100001111100101001011110111111111001100101000011100
1110110101001110001011100101101000110110101111001100101010000110
1110100100001101001011100011101010010110111011011101111011001110
1100100100101101101011101011101000111110111010111101111011101110
0100000100110101011001101001100000111111111111011010011111101110
0100011100000111010000101011100010110111101000001010001111100011
0100011101000101010101001110100010110111011000001011001101100001
0101101111010001010000100110101110111101100000010111001101101101
0001100111100100000000100100101100001000100100001101000101001101
0001111111110100001011011100100110001001010000101001000111000101
0001011001111000001011011111100110001101011110111101010100000100
1011011011111010111011110101110110110111111010111101010101000101
0000111011111010101111110101111100010011110110001110100111000101
0111001111111011110010010111101100000010100111001110101110000110
0011000111110001010011110001101100110001000111101011111000100010
1011000111011001110111111001101100100101010110011001110000100100
1001101011010001011111111001100101110101000100001111000000100100
1011101101011011001011111101100101100101010100001111100000000100
1111101100111010001011111001100101001010111110011011100001000100
1110001100011010011011111000001101101110110100101011001101100101
0100011100011110001011011000100101101110110100111010101101100111
0110011110011110001111001000100101110110110100111110100101110011
0110111011011111001011100110111100110111100100111010000101001000
0000011110010111111001101110111100110111000110110011000101101010
1011011110110110100001100010110100111100000100110110001001101010
1011011011011110000010100000111111011000000100010111011010001011
1001010001010110100010100101111011110010001000010101001010001111
1000010011010110100010100001011011010010001011110101001100111111
1010110001010101100011100001011011110000000111110000001101110110
0001010011110100101011110001011010111001000111110000000101101100
0110000000101101011000111001111010111011101000101100000001101101
0110111000111101011001001001110110110111001100100100001001100111
0101100100100001010001001101011100110111100100110101000101101010
0101100000101101010000000101111111110101100100011101001110000010
0111110000000111010010000101111110110001110110011111100110000111
0010101000000111011010110101101111001001110111011000000111000101
0010101000010101011110110101101111001011110100000000010111000101
1011101010010111011110100001011011111000100010000000000100100101
1011101010100111100110100011011011110000010011000000100100101001
1001101010110011000010100011011111101010010101000000100100001001
1001101010010111001110100011100110110010110001001000101110011001
1000111011010111010110100110000010111000011001011010100100010011
1101100001111110010111100110000011011010101001011110101101010011
1011000000110110111110100011010011010011011010011000101000111011
1011101000110010111110110000011011010100011000011101110001101110
1010001000110010010110110001111011111100011110101101100001010100
0000110000100010010100110001010101011111011111111101010111110100
0000110110110011010101100000000001001110010101111111111111101100
1100100111011111010110110011011101110110110101101001100101101101
1110100010001110110110110011101100111001111000100000110100111101
1001100001101110110010110011000100111001011000100000100000010100
1001000000111111110000001011011110011101011010100011100010101001
1011010100011101010000100011000100101001011010001010101011100001
0111111100010100011010011111000000001001001010001101001010100011
0110100100000100111110011111001010101001101010001001011010100101
0110100100010011111111011111001100101110101001111011111010011101
1100101100100011111111010011010110000101101000111111010011011101
0010000001011011111000010011010101010110100000111110010001101110
0011001101011000100000010110001001011110100000101110010001001110
0011001000111000110010111111111011011101111001101110010010000111
0101001000111011110100111011010001100001110000101000010010000011
0001001000101001110001111111010000000011000100101000000000000001
1000000000111010110001001110010100110011010100001010011101001001
1000000000111010110001110101010100111011010111001101111111111111
1001000010100000000111111001110100110011010011001101111111110111
1010010010100000000111111000101101010011011110101001011001100011
0001001011100000100111111100101101001110011010101000011010100001
1001011010000000101111110110100101000110011011100011111010001001
1001010010100001111100010110001011010111001011000011011000001001
1101110000001001011001010101011100000010001001001010111000001000
1101110001000000010001010101010110011010001100001010111001101011
0101010001100001100011010100011111001010101101001001101101001111
0111110001001100100011010110001111010001101001000001111001001111
1101100001000101110011010010100011101001101001000001100111101111
1111111000011101110011010110100111101000111001010001000011101011
1111101100101001111000010101111111101100111011001111000010111010
0111101000010100111001010100011111111000100110111011010010111011
1110101111000100111000011101011011111011000010011011110100101011
0111001111000010101011011101000000011000101110011001100010011011
0110011011000110101011001111000000111010101110001001000000111111
0111111111001110111001101111001100111010101001000101011100110111
0111111100101010011010001110100110101001011001000100111011100111
0111101000101010011010011110100010001001011001000100111011100101
0010011000101110011000011010010110101001010000001110010101001001
0000011000101111010000001011000100101000111000001111010001001011
0000100000001111011001011010100000001010100110001111011101011001
0100100001101110011100010100110000001010000000101111011001001111
0100100000011000110110111110110000001110000111001101001111001011
1100000101111000000100011110101011011010101011000100001111001001
1101000101101011100100011000100000001001100011101010100011001001
1000001001100011101100011001110000100001100011111110101011001001
1001001001001011101001001001111000101101001001110000101010001001
1000101110000010010001101001111000110100001110110100111011000001
1010101111000010110100001011011000110100001110100110110011000011
1001101011011010110100010011011000110100011110110110100011010111
1001011011011011010111010111001111001011010000111100101011100011
1010101111111010010100010111001111001010110000111100101011000011
1000001011101010010110011111001101101110111000001100110011000011
0100101011101111010011011111011101111110011100101111111111000011
0001100001101111010110010110011101011110001110101111110110000011
0101000101111100001111000111111111111100000110101111000010010001
0000010101111101000001010011111111101101000110101111011000010011
1000000001110111000101001010111101100111001111111111111000011001
0000011100111010100100001100111100101101011110111100010000011001
0000101111110111100100001101110100001101011100111100110000010001
0000111010011111111101000111011100000111111100001000001000110001
0000111010010110110001000111011100000111110110010000001000011011
0001111000010010101001000100011010110111110010010100001101011001
0001111010010110001001000100111010111111110010000100010111001011
0001011110001110101111010010111100110100110111101100001101001010
0100010010011000111010001010101100111110111111100110011001000100
0101110110011011001110101011101000011000011111100001111001010100
0101110110011011111010001011001000000000011010000011111001111100
1001111010010001111110101011100100010000010000000010011001110000
1011110010111001111010101010101101000010010101000111011011111001
0101111110100011010010110010001100000010011101000101011011011000
0101110100101000010010100010101110000010111100000001001011011101
0101010100101100000110100010011001011110111100000001110010001101
0101010011101010001100010011101001011010111100001100110011001110
0111011001100000001000001001101000011100110100000110111111001111
1111001001100110000101001101000001001100111101100110101101001110
1111001011110010101101110100100110010010011001000100111100101101
1111001011010101101111111110100110011110101101000000011100001101
1111011011110101111111111110100011111010001111001100011110001101
1111010010111001111111010100110011111010101111000100011110011101
1011110010011000111100011000110111110010101111000110101100010101
1000011011111001010000000000110010010011110011001010100010010100
1100011010100001001000000010010010011011010001111110100010010010
0100010010110011101001000001010011100111000000101100001100000010
1100010011111011101001001000010011100111001000001100001100010001
1000010011110001100001001000001110101111011110001100010100101000
1001010110110001110101000000101100101111111100001101010110011001
1011110111101001100001100111100010101101001000101100111100011011
0111110011101000110000101011110001001000100101100000001100001000
0011110100100110110000100001110101011000100110100010000101000000
1001111100000010100000101001010001011000110100101010001101100100
1001111100111010100000111010010011001001010101001010001111010011
0001111110111010100010011110000001001111100110101010111011110010
0011111100111001110011110110100000001011101010101010100011111110
0010101100111001110111110110111101001101101010101110101101111111
0010101101110101011111100101011101101100110100101110101001111010
1010010111110111011110100001011001101111101110101110101101010010
1010010110000111011100110001011001110111101010101010111011010001
1001010110000101011100101011001000000100111111101011110011010101
0010001010000101010000101111111100110000110001111011111011010001
0100011011111100100010000111001010011001110001110011110111010000
0000010011111001101001000011001010011111111000101101110010110000
0000011110101001000001000001001010011101101101111101110110011000
0101011110101101000011110101011111000101101011110011110100011001
0000111110010111010010111111011101000111001011110011010110001010
0010111110000001110010101111111011110100001010101011010110001111
0010111111000000110011110011111011100110000010101101010110000011
0011011111000000110111011011010011110110010010101100010110011011
0011011111011011110111001010001011110111000110101000110101001001
0011111111011011111111001010001111110011001100100000100100101001
1101101100001000111111001010100110010111000100000001100100001001
0111011000000100010101001010001100011111010101001000100111001011
0110011000000100010111000011000001011111010111001000000111001111
0011001000010001101110000010100100011111011110101000011110011111
0110101001100111111110001010000100110010010110001000010111011111
0110101101000001001101001011000100010000011100010100010111010111
1110100001010001001101011001001000110000110010011101111000001111
1110100111100000001001010000110100110000000111011101010000011011
1110100111101011001001110000010001110010001111011001110010011001
0111100111101001000001010000001000110000001101010001100100110000
0100100011101101111011001010110100110010111111001010100100011100
0100100011111100100011001010110101110010111111111000010101011110
0100100111111100100011001010110000100000111111101100010101011110
0101101111111110111011100010110000000000111011101000011001011110
0100011110101010111001100000100010000011111001101010010111011110
1100111010001110111001100010100000000111010101111011000110101110
0100101011101110100110101010100001001110011000101001000011001011
0110101111101101001110111000100001001100010000001001010011001111
1110100111101101011110111010100001101000010000011001010011001011
1110100101111101001110011011100001101110110001001100010101011111
1100100101111111001110011111101011101100110000001100000101011111
1100100011010111010100011111111010010010101101011101010001011011
1100010010001111010100011001110010010100111111011101010001011010
1101010011001101000100111001110010010100111111011101010101011010
1000010011101011011101111001111010000100111111010101010101101010
1000110001101010011101111101011000100100111011101001010101111010
1000010001101110011101111101010000110110010011100000011101110100
1000010001101110100001001111010011111001000111100000111100111100
0000110001101010100001101101010000111001000111111000111100111100
1000111001101010100001101101110000111011001111110100111100111100
1100111001101110110011101101110000111001010111110101011000011110
1100111001100010110011001101110010011001110111010101011100001111
1100101001110010110111011001110010001001100111010101101101101101
0111101011101010110111000011110010001011111101010001101111101001
0111101001101010100110001011100000000111011001010000101111101001
0110101001101010100110000111100010000110011001110100101110101101
1010001000101010000010000110101110000110011001110100101010111100
1110001000101010000010001010101110000100011011111100101010110100
1111000010101000100010101110100010011110011010110101101010110100
0111000010101000010100111111100011001100011000111001000010110101
1011000010100000000110111110100111001010011100111101010000100001
1001000000000100111110110110100010010110111110010111010110110001
1001100010000000110010100100101011010110111110010111010111110001
1011101010000000110010100100110000110010101110010110010111110001
1110101010010010110000100000110000110010101110001110110100110001
1010101111010011011000100000000000010010100110101010110100010001
1000101110010011011010101000000000010011100111101010110110010111
1000101100111001011001101000100000010111000111111011110010000010
0000100101101001001001001000100100010111000111010001110010000011
0001100101101011001001001000100100110111100111010001100010100111
0001100101001111001000001001101100110111100111010011100000110111
0001100101011111001001011001011101110111000100110011110000110111
1011110101011101000000011001011011110101000100110011000000111111
1011010100011111010000011000000001110101000100110010001000111001
1111010100010011010101011001000001010101000100000010100100101000
