8044
451
10000000110001011011101010001100011111010111001010011010110000000010000111000010111101000101110100101100100001010101100111101001
10000000110001011011101011001100011111000111001010011010010000000010000111000010111101010111110100101100100001010101100111101001
10000000110001011011101011101101011101000111001010011010110000000010001101000010111101011111110100101100100001000101100111111001
10000000110001011111101011100101011101000111001010011010110000100010001101000010101101011011110100101100100001000101100111110001
00000000110000000111101011100100011111000111001000001010111010000010101101000010101111011000010100100110100001000101100111010100
00000000110100010111101011100100011111000011000000101011111010000010101110000010101111011110010100100110100001000100100111010100
00100001110100010111101010000100001111000010000000101011111010011010111100000010101111011100010100101110100011000100100111110101
00100000110100010111101010000100001110000010000000101010011010011111111100000010101110011101000100101110111011100001101111110100
00100010110100000111111000000000011110100011001000101010011000011101011100000010101110001101000110101110111110100001101111010100
01100010110110010111100000000001101110101010101000101001011000000101011100000010101110101101100110101110111010100001101111010100
01100010110010000110100000100001101111101110101000111011011000000101011010000010001110111101100100101110111100100001101111010100
11100110110010000110100001100001100111111100101010001010011011000101011010000010001110110101100100001110101101001000101111010100
11100100100010000110100101101001100111011100011010001110011011001101010010000010101110100101100110011100000101000000111111010100
11100110101011000111101001101001100111011101011010101110010011001001010010001010100110100101100110011100000101000000111111010110
01110110101010000111101000011001100111011001011010111010010011001001000110011011010100100111100110011110000001000001111111011110
01110110101110000111101000011001100110010001011010111010011011001101000101011011000100100111100110011100000001000101111110011110
01110110101110010111101000010000100110010001011010111010011011001101000101011011001100100110100110011100000001000101111110010100
10110110101110010111101000010010110010000001011010011010011011101100000101010001001100100110101100111100000011010101111110010100
10010110101110010111111000011110100010100100001110010010011011101100000100011000001100100100101100111000011011010100110010010000
10010100101011000110101001011110101010100110001110010010011011101100000100110000000100000100100000111000011001001100110010011000
10010100100011000011101001011111101010100110001110010010110011001100000100010000001000001100100100111010011101101100110000001000
10010000000110100011001001011111101010100111001110010010110011000100000100000100010000001000100100111000011101001100010010011001
00010000000110100010001000000011101100100111101110010010110010000010001100000100110000001010100100101010011111001100010000011101
01010000000111100010011000100001101100100111101100010010110010000010001100000110010000001010100110100010011111101110111000001101
00110000100011101010010001100001001100000111101010001010111010000010001100100011010000001010000110100010111111110110110100001101
10110000100011101010010001100100101100000110100010001010111011111011001100100010010000011010001100000011111111100110110010001101
10110100100011111010010101000100101110000100100010001010111010111011001100100010010000011010001110001111111111100110110010001101
10110100000011001010010001000100101110000100100010001010111000111001001100100110000100011000101110001111111111100110100110001110
11110100000010011010010011000100111111000100100010101011111010110101001100101100000101011000101110001111111110100110100010001111
11110100000110011010000111000110111111010110100010101111110110110111001100111001000000011000101110001110111110100010101010110111
11101100000111011010000111000010100101010110100010001111010110110111001100111001001001011000101110001100111110101010001010111111
11011100100111111010000011000100100101010111101011001111010110110111001100101001011001011010101100001110101110101100001011111110
11110100110111111111000011001100100101010111101011001111010110110011001100101001011010011010001110101110100010101101001011110000
11110100011111111111000000001100100101010111000011000111010111110011011100101101001010011110001011101110100000001101100011010000
11110100000111111111000000001100000101010111001011000101010011111010001100111110011010011100001011111110001000000111100011010010
01010100010011101011000000001100000000110111001101000101010011111000011110011110011010111100000011111110011100010111100011010000
01010110010011101011100000011101000000110111001101000001110011111000011101011110011010111110000111111000011100010101110111000000
01010110010011101001000001011001000000111101001101100001111011111000011001111110010110111110000001111001011100010101110011010000
01010110010011101001000001011001001000111101001100010001111011111000010000111110010000111110000001111001011100010111110111010000
11011010010011101101001001011011001000111101001100010011111111101000010000011110010001110110000001111001111100010111110111010000
11011010110011101101001001011011101000111101000100010011111100101000010000011110010001111110000001111000111100010111100111010000
11011010110111101101001010011011101100100101000100000011111100101000010000011110010001111111000001111000111100010101101111010000
11011010010111001101001011011011101100110101000101100011111101101001010100011110010000110111000011111000110110010101101111010000
01011110110111001101010011111011101100110101001101000011101101101001010101011110110100111001000011110100110110010111101101111100
01000110111111011111011111111011001100010101001111000010101101101100010101010110110100111000000111111000100010110111111100111101
01000110111111011111010001111011001110010100001111000010101100110100010101000110110100101000000111101010101011110101111100111101
01000111110101011111010011101011010111010001001111100110101100110010010100000110110100101000000111100010101001110101011100101111
00011111100101011110110111001011010001010001001101100110101100101000010101000010110100001000000111100110100101110101010100001011
00101111100101111100000101001011000000010101010101100110111100111000110101010010110100001110010111101010101101110100010100001011
00101101110101011100000111101110000010111101110101100110110100101110110101000110011000001110010111001011001101110110010110001011
01101101110101011111010111111110000110111101110001101100110100100110010100000111011011001111010110001011001011011010010111001011
01101001110101000111011101111110000110111101111001101100010100100110010111000111011111011110010110001010001001011011011111001010
00101000111101010110011101111010000001111101111001011100010100100100010111001111011000011110010110011010001001011011011111001010
00101001111101010110011101111010000001111101110000011100010000101100111011001111011100111110010110011000001011011010110111001010
00111001111101011111011101111110000001111101110000011111110000101100111011101101101100110110010010010100001011011010110011001010
00111001111101011111011101111010000001111101110101010011110100101000111111111101101001110110110011010100001001011011110111001010
10111001111100011111011101111010000011111001110001010010110001101000111111111101101001110111100011110100001001000011110111001010
10111101101100001111011001111010000001111011110001010010110001101000100110011100100001110111101011110100001011001110110101001010
10111101101100001101010001111010000011111011110001010110100001101000100110011100100001110111111011010100101011000100111101001010
10101001101100001101110001011010000011111011110101110110111001111010111010011100100011110111111011010110101011000010111111001000
10111000101100001100110101011010000011111111110100111110111001111010111010111100000010011111111111010110111011000010111111001000
10111000111100001100010110011010001011111110100100111010011000110010111000111100010010011110111111010110101011000010111011001000
10111000011100001100010111001011001011011110100100111010010110010010111110111100011010011110111110000010100011101000111011011010
10001000011101001100010111001111001011011010000100111000110110010010110110111100011010011110111110001010000010100010111011111010
10000000011101001000001111011101001111011010000100111000010110010011110110110100111010101010111110101110000010100110111010111110
10000000011101001011101101010101100111101010000000111001011110010011110011110100111010101010111110100110011010100100101010101110
10000000011101001011000101010101101111001011000001011101111110010011100011110100111010001010111110100110011010100100101010101010
11000000111111100111110101010101101011011010000001011101111011010011100001110101111010001110101110100100011010100100101010101010
01000010100111110101110101110101101011011010000010011101011011010010000001110101110010001100100101100100000010011110101011101100
01000010000010110101100101110101100101110010000010001100001010010010110001110101110010101100100101100101000010010110101011111100
11010010000000110101000111110100101101110011000110101101001010000010100001100101111010101100100100110000000000000110101011110100
01010011000101100101000110111100101100110011001110101101011010010010100101100100111010101001100000110010000000100110101111110100
01010011000100100101000111111100111100100011001110101101011010000110011101101100011010101011100000010010000001100111100111110110
01110010000100000101000111111100110100100111011110001101011010010110011101101110011010101011100000010110000000100110100011100110
01110010001100000001000110110100111100100111011110001100011111010110011101101110011011101011100000110111100000101110100010101000
01110010001100000001100110010100111010101111001110001110011110010110011101101110011011101011000010110001100011100110100010101100
01110010001100001000110100010100110010101111001110001100010110110110001101001110010011111010000010110011100010100110000010111100
01110010011100101001010100010101110010101111001110000101010110110110001101101110110011111010000010110011101000100110000010011110
01100010001101101000010100011111110010111111000110000101010110110111001001101110010001111001000111100001101000100010000010011110
01100010001011110000010100010111110010111111000110100101010110111110001011101100011101111001100111100000101110100010100010010110
01100010001011110000010010000111110010110100000110110001010110111110011010101100010101111001101110100000101011111110100010010111
01100111001011110001010010000111110011111100000110110001000110111110011010111100110100110001101101100000101010111110100010010111
01101111001110100001010010000101100011111100001111110001000100111110001010111100010100110001011101100001001011011110101010010010
01101110101110110001010010110101100001111100000110010001000100111110001010111101010100110101111100101001001011001110101000110010
01101110111110100001010010111001100100111100110101010000000100110110001010111101010100010001101110101001001011101110101001110011
01101111101010000101010110101001110100111100110101000100100100110110001000111001010100010001101110101001011011100100101011010011
01101011101010001101010110101001110000111100100001000111100100010110001000111011010101010011100110101001010011100100111011010011
01101011111010001101010010101001110000110100100001000111100111010010100010111011010101110011100110101011100001100100011011011010
11101011110010001101110110101001110010110000001001000010100111010010100010111011010101010001001110001011000101101011011011111100
11101011110010001101010100001001100010111001011001000110100001010010100010111011001101011100001110001011000001101011011011011101
11111011110011001101011100011001101010110001111001000111100011110010100010111011001001011100001110001011000011000011111011011001
11111011110011001101011100011001101010100001111011000111101011100010100010110011001001010100001010001011000001000011111110111001
10111001110011011111110100011001101010000000111011000101000011100110110010101001001001010101001010001011010001100001111110100011
10111001010011011011110100011001001010011100111011000111000111100110010010101101001001001101001010001011011001101001111110100011
10111000000010110011010100111001010010011100111101000101001111101010100010101100001011001101001010001011011000101001111010100011
00111100100000110011010110111001010000010100110101000001101111101011100010101110001011001101011010101111011000101001111010100011
00111101100000110011011101111001010000110000110101000001101111001010101011101110001011101101011010111111111001101001111010111001
00110010111000100011011101011000000000110000110001100001101111001011101011101100100010101101011000011101011001101101111010101000
00000010111000101111010101011000011000010000100001110001101101101001000001101100100010101101111000011101010001001101101010101100
00001011111000101111000101011100011000011001000001110011101001101000010001101110100010101111111000001101010001001101101010101000
00001010111000101111000101011100010000011001000001111011001001101000010001110110110010101101111000000111010101011100101000101001
00101010100010001111000001011100010000111011000001011010001001101001010011110110011010101101111100000111010111011110101000100011
01101010100010011111000001011100010000111011100001011011001001101011010011110110011010101101010100100111010011111110101010100111
11101010100011010011000001011100111000110111100001010001000101101010010011110110011010001001110000100101010011111110101010100111
11101110100010000011000001010100101010110101100001011001010101101010000011110111011011000001010000100101010011110110111011100111
11101110100010000000100001010100100110110000111000011001010101101010001010110101011011000001101000101101011011100110110010001101
11111100000010000000100011011100000110110000101000011001110101001000001010110111011011000001101000001101011011111100111010111001
11111110100010001000100111011110000111110010101000001001110011001000001010110110011010000000101000001100011010111100110010111001
11111110101111001000001111011110000111010010101000001001110011011000001010010011011010000000101010001100011000111100110010111111
11111110101111001001000111011111001011000010001011001001110011010000001010010011011101000000101010001100011101010100110010110101
11111110101110001001000011011111011011001010001011111001110011010000001010010011001101000000001010000100000100000100110010110101
10110110101100001001000011011111110010001010101011010001110011010001000010010011001111000010001010010110000011000110110010100101
10110111011010000000010011110111110010001010001010010001011001010001100111010011001111000010001011010001000011100110111000110101
00111111011010001001010011110011110101101010001110010001010011010001101101010101001111000010001111010001000011000110111000110101
00011110010010011001010011110011100101000010001110010010000011000001101101011101001111000010001111010001000001000110001000010101
00010110011010011101110011100011100001000000001100011011000011001001101001011101101111000010001111010011000001010111011000010101
10110100011010011110110011100111100001011000001110011011000001011001001001011001001110010011101111010011010001000111010000010101
10110110001110011110100111000111100011011100001001001011000000101001000000011001001110001010101110010010010001000111000000010101
10110110001110011111101110010110100011110101101010001011000100101001000001001000001110001111001110010000010001000111001000000101
10111110100110011001111010011110100011110100101010001011000100101001000001000000001110001111001111010000010001000111001010010101
10110110100100011001111010111110101011110100101010000000001100111000010001001000001110001111001111010001010001000111001011010011
10110110100100011001111110101110101011010101001011000010101111110000110001101000001100001110001111011101010101000111101011010011
10110111001000011000111110101010101011010101001011000110101110110000110111101000010100001110001111011101111101000111101001000111
00010101011000011000110110101110001011010101001011000110101100100000010111001001110000001010001111001101111001000111111000000111
00000001011000001000110110101110001010010001101011100100101100100100010111011001010001001010001111100101110001000101110000000101
00000101011000001000110100101110001000000001011011101100101000000100011111011001010101001010001111100101110001100101100000000100
01000111001010001000010100111100001000100000001011101110011010000110011110011111110101011010001111100001110001100101100010000100
01000111001011001100011000111100001000100010001011001100011010000010011100011111111100101011011001110001110001100101010011000101
10000111001011011100011000010100001000100010011011001100111010100000011101011100111110101011010010110100110001101101010011000101
10000111001001001100011001000100001100100010011001001100011111101000011101011100111110001010010010110000110001011101010011000101
10000111001000001100011000000100001100101010010001001100011101101001011101011110111100001000010010110000110101011101000011000100
10000100001000001000011000000100001100111000010101001100011111101001010111010100001100110000010010110001110101010111010011000100
10000100001000001000111100100100011100111000010101000100010111111011010011110100001100110000010000110001110101010111011011100000
10101100011100101000111100001100011100111001010101000000010101110000011001110100001000110010010000100001111000010011011111100000
10101000011110101000111100011100111100011001010001000000110101100011010001110100011000111011010000100011111000010011011101100000
10001000010110101001111000011110111100111011010000100000110100100011010001110100001001111001010000100111111000011001000011101000
00001000010110101001110010001110111110011001010100100001010100100011010001101000001011111011010000000111111000111001000011101000
01011001010110001000110010101110111111011001001100000001010100110011110001111000100011101010100001001110111000111001000001101000
01001001010100111000110010000010101111011101000110000001011100110011110000111000110111101011100001001100111000011001000001101001
01000001010000111100111010000110001110111101001110000001001101110011111000111000111111101011110010001100111001001000000011001111
01001001000001111100111011000110011110011101011110000011001101100111011001111000111111111001110110001110111101011101000011001111
01001011000001111100111011000110011110011100110110000001001111100111011001110001011001111001110010001110111101011001010011001111
01001011001001111100010011000110111100001100111110000001000111101101011011110001011001111000010010101000011001111001010011001010
01001010001001111110010010000110110100000111111110010001110101101101101011110011111001011000010110101001001001111001010011101000
01001010101001010010110010011110010100000111010100110001110100101100101011110010111001011010010110101010011001111001000011101001
01001010101001111010111010011110010100000111011100101001110100100101001011100010110001011110010010101010001001111001000000101100
11001100101001111010101010011110010100100110101100101001110100100011001011110010110001010100010010111010000011011010000100101100
11001100001001110010101010001010010000100011101100110001110000100110011111110000111101010100011110111010110011111010000100001101
11010100101001100011001010001010010000100001100101010011110000100111011111110000101101110101111110110011100010111010110100101101
11010100101001101011101010111000010000100001100101010011110000100111011111110000001101110101011110110011100110111100111100101101
11010101111001101011000111111100010000100001101101010011010100110111011111111000011100110101011110110011100110111100111100101101
10010111111101100011000111110101000010100000101100010011010101110111001111111000011101110101110110111011100110111100111100011101
11010111111101101011001111110101000010100000111000010011010101110111001101011000011111110100111110011011100010111010111100011101
11001111110100110011101111111101000000100000111000000011110111110111101101011000111010110000010110011001000010101010101101001101
11001111110100111011101111111101001000100010111001010011000111010111101101001000110010110010110011111000000010101110100101001101
01001111111000101010101111111001001010100010111001010001000111000111101101001000110000010010110001010100000010100110100101001001
01001111011010001010101111101101001010110000111001011000000111100001111101001100110000010010110001010100000010101110100001011001
00001111011010001010101101001111011010110100111011111000000111110001110011001100100001010010110001010100010010011010101101011001
00001111111010011010110111001111011011111100111011101000100001110001110011001110110000011110010101010000010010011010101101010001
00001111011000011010110111001111001011111100011001101000101001010001110011001010110000001110011101110000110000011010101011010001
00001111010000011010110011011010001011111100010101101000101000010001100011011010110000010100101101110010010000001010110011110001
00000111010001011010110010011010011011111100010101101000101100010101101111011010111010010100011111110010010000011010110011110001
00000111010001011000100110010110101011111000010101101000101110010101011111011010111010010000011111010010000001011000110011000001
00000111000001011100100110010110101001111001010111101000001110010001011111110110011011010000011111010010100001011010110010000001
01000110000001011100100100110100101101101001010111101000001110110000011011010110001011000000011111000010100101011000110010100011
01100110000101111000100001110100100101011001011111101100001110110010001011010110011111000000010111001010110011011000110010000011
01100110010111111001000001110100000001011011001111101100001010100010000011100110011111110000010111001010110011011100110000001111
01100110010111111001000001011101000001010011011111101100001000110010000011100110011111110000010011001010110011111100110000001111
01100010010111111001011111011101000001010011011011101100000001100010100011100110111110110000010001011011100001111100110000101100
01000000011111111101011111111101000001010111011011101100000011100010100011101110111110110100010001001011110011011100110000111100
00000001011101111101011101101101110101010101011011101000000011100110111011101100111110110100000001101011110011011100110000111110
00000101011101101100011100101001111101010101011011101000000011110010111011001100111000110101010011111011110111010100110000100100
01001100011001101100001000101001101101010101010011101100000111100010111011101100111000000111000011110001110110010100010000100101
01001100011001101110001001110001100101001101010011101111000111000110111000001100011000000111000011111001011010010110000100100100
01010101010001101110111001110001000101011100010011101110000110001110101000000100011010100111000011100001011010010111000100100100
01010101010101101111111001110001000101111100110011101110000110000010101000000101101011100111001011000001011010011111001100101101
01010100010111101101101011110011100011111110010111001010000110000000101000000101101011100111001001100100111010011111001100111101
00010111010100101101001010110010100001111100011111011010000111000000001000000001101011110010001001100101111010010110111000111001
11010110000110111101001010110010000101011100011011010110000111010101101000001011101011110010001001100100111000110110111000111001
10011110000010100101001010110011000101010000010011010110000111011101101011001010101001110011001001100000110000110110101000011001
10111110000010100101001110110111001101010000000011010110000011111101001010001101101001100011001001110000110000100110111000011001
10110110000010100101001111110111011101011000000011010110000011111101111010011101101001111011001011110001110000111110111000011001
10110110000010000001101111010111011101011000000010110100000011111011010010111101001001011001011011010001011000001110111010011011
10100110110010000001111111010011001101011010000110000101000111111010010010110101001000011001011011010011011100001111110010111011
10100110110110000001111111010011001001011011001110100101001111111010110110100101001000001001011010010011111110001111110011110111
10100110110110000000111111110001001001011011001110100101001111111010110101100101001000001011011110110001011110011111110011111011
10001100110110000000111111110000001001010011001110101001001111010010110001101001001000011011011111110001010100011111110011111011
10011110111110000100111111110000001000010011001110101001001101010010110011001001001000011011011111110001010001011111100001011010
10010110100111000001111011111000001000010010001110100001101111011001100011101101001100111011010111100001010001011110101001011010
10010010110111000010111011111000001000010000001110100111101111010000100011101001011101111111000001100001010001011110101001011011
10010111110111000010101011111110011010110000001100000111100101011111100101101001011101111111100001100001011001110110001011001011
10010111110111010010111010110110011010111000001100100111110101011111101101100011111101111111101000100001011000110010001001001011
00010100110111010010111010110110011010011000101001100111111101011111101101100011011001111111101010100001011110110011001000101011
00110110110111010010111011100111011110001000100101100111010101011111101101110011011001110111100110101001011110110011001000101011
00110110110001011010111011100101011100001000100101110111010101001101100101010011111001110111000110111001010110110111101000101011
00110110100001011010101110100101010100001010100100110111010101001001010100010011111011110111000111111001010110110111101000101011
00110110100101011010001110100101010100000010101100110111010101011001011101010011011111110110000010100011010111110101111011101000
10110010100100111000001110100101010000100011101100110111011101011001011101011011011111110110001000100011000111011101111011100000
10110011111100100000101100110101010001100111001100110111011101011001011101011010111110111110001000100011010000011111111011100000
00010011111100100100101100110100010011100001001110110101011100111001111101011010111110011010101000011111011000111111110011001001
00010011111100001100101111110100011011000001011110110001011000100001111101011010110110011000101000011111011000111011110001101001
10010011111110001100101111110100011010000011011110110011011000010000111001011010010010011010111001001101011001111001010001100001
10110011111010001100111110110000001010010011011110110011011000010001110011011010011010011010111001001101011101111001010001100001
10110011001010001100111110110000001010010111011111110011001000101001110001010110011010011010101011101001011101111001111001101001
10100011001010110100101110110010001010010111011111110001000010101001111111010110111010110110101011101001011101111001111001001011
10100011001010110100101100010010101000010111111011000011000000001101111101111110111110110110101011101100111100111001111001001011
00101011000010010100101100010010111000011111011001001011100000001101010100101110011110100111101011100100101100111001011101001001
00101011000010010100101110010000111000011111010001001011100000000101011100101110011100001111101001100000111101111001010001001001
10001011100010010100100100010000111000001110001001001011100000100110011100101110010111001111101101101000111101101001000001001000
00001011100010010101100100010000111000001110001001001001100001110110000000101111011010000101101101100000111101101001010001001000
10001011100110110101100100010000100000001110001001001010100111110110000010100001010000100100000101100000011101001001010001001000
10001000101110110100100100110000100010001011101000001010110110111110001000110001010010100100100001110000011100001001010101011000
10101001101110010000100110110000100000001011101000001010110110011100100000110001000110101100100001110001111100101001010101011000
10101011101110110001100110110000100000000111101000001010110000011100000000111001001011100000100001110011111100111001010101111110
10101111101110110001110111110000100100000111101000011110010100011100000001111001001011100000100101110001110101111001100101111110
00111111001110010001110111110100100100000111111000001010010100011100000001110011101011100000100100111000110101111011100111111011
01111111001110110001110111101100100100000111111000001010010100011000001001110001111010100001100100101100110101111011010111111011
01110111001111110000110101101100100100000111111000000000100110011000001001110001111011000001100110101000110101111011011011101011
00110101001111110000110101100100100100001111111000000000100110010000101001110001011011000000100110111110110101111011011011001010
00110111010011110010110101110100100100001111011000010000000010000000111010110001011011010000100110101110110101011011011011001010
00010111010110110111110101111100110000001111011000010010100000000000011010110001011001010000100111101110101101011111010011000110
10000101010110110111110101110000110001001111010000010010100010000010010110110001011001010000100110101110101000011111011011000100
10100101010110110111110101111101010001000010010000011000100000000010010100110011011001010000100110101111101000011111111011101100
10100111010110110111010101111111000001000010010010011000110000001011000111110011010001010000000111101110101010011111110011111000
00100111010110110111010101011111000001000010010010011000110001001010000110110001010101110000000111000010111011111101110011111000
00100111001110110101010101111111000001010011100010011000110001001010000010110001111101110000000010000010111001111111110011111000
00100111001010110001010101111111010001110010100010011000110111001010010000110001111101110000100010000010111011111111110011110010
10100110001110111000010101111111010001111000100010101000110111001010010000110001011101111000100011000010101011111010111011010010
10000110110110111000010101111111010001111011100000101010100111001000011010110000011111011000101111000111001011111010101000000011
00000110110100110000000110011011000001111011100001001010110111011010100010110100111101001000101011000111001011111100101000000111
00010110110100010110000010110011000011101101100001001010010111011011110010100100111100001000101010000111001001111100101100100111
01111010100100110110000010100010000011101100100001001010010111001001010001100110111101001001101010000111001001011000101000100101
01101010100101100110001110100110000011111100110001001010010111001011010001100110111101000001100010000111001001010100110010100101
01101000100101100110010111100110000001110100111011001010011111001001010001100110111101000001100010001110001001010100010010000101
01101010100100100110011101100110000001011110111111001010011110001111110001100110110111000001100000001110001001010100000000000101
00101010100100101110110101100110100001011110011111001010011110001110110001100100100111000001100000001010011001010000000000000101
00101010100100011110100101101110100011011100011110001011011110001100110001110100100101000001000000101010011101010000000110000101
00101010100100011110100100100111100011011100001110001101001110101000110001110100000101010001001000101010011101010110101100101101
00101010100100011010100100110010100011011100000100011101011110101000010001100100000101110000001001101010001110010110101100101111
00101110100000010110110100010010100011101100010100011101011110101001010101000101000101110000001001001110001110010110101100101111
00101011001000000110110100010010001011101110000000000101011110101100011101000001000100111001001001001110001110010110101101101110
00101111001000100101110100000010000011101110010000000101011110111100011100000010000100111001000001000110001110010010111100101110
00111111001000100101110100100011000011111111010000000101011000011100100100010010001100011001010001001100101110010000110001100110
01111100101000100101110101100011000011110111011000001011010001011100100111011100000100111001010000101100101110010001110001100110
01111100101001010100010101110011100011111111011000001110010001011100100111011100000110111001001011101100101110010101110001000110
01101100101001010100011101110011100011101011011010001110010001010000101111011100010110111011110001101110101110010101110001000110
01100100101001010100011010010011100011101011011111001001010000010000101010011100010110101011000001100110101110001111110001000110
01100110101011000100011010010011100011100011011011101001010000010000101000001100000110101010001101110100001010001011110001000110
00100110001110100110011010010111000011100101101011101001111001010000101010001101000110101011001100110100101010000011100001000010
00100110001000100110110000011010000011100101101011101000110001011000101110001111001010101001001100110100100010000001100111010011
01110110001000100110110010001010000011100101110011101110100001011000101111111101001010101001001100010100000010001001100111011011
01110110000000110110010011001110001010100101110101101110110011011110101111110001001010101001001100010100000010101001100111011001
01111111000000110110010011000101001010101000111101101110010011011110101111110001111010101001001101010101000010101001010111011100
01111111000000000111110011100101001110100010111101101110010011011110101111110001100010101001001001010101000100111011010111111100
11111111000010000111110011110101001110100110100011101010010011111110001111110001100011001001001001010101100110111011010100111100
11111011010010001110001111100101000110100100100011000010010011111010011001111001100010001101001001010101100111011011000000111100
11011011110010001111010110100001000110000100100111000010010011111110001101111001100010001101001001110001100111010011100000101100
11011111110010101111010110101001000101010110100101101010010011111110000101111001100010001101001001100011100011010110100100101100
11011111111010101111110110101101000101010110101100101011011011101110100100111001100000001101101001100001101111010110100101101110
11011010111011001110100110001101001000010110101010001111011011101010101000011001100000011111101001000001101111000110110101111110
11011011111110111110100110001111001000000110101010001111111011011010101010011001100000011111101001011001101111000110110101101110
11010011110101110110100110011111011000001110101010001111111011000111101110011001100000011111111001111001101111010100111101101110
11010011100101111110100100011111000000001010101011011111110011000111101111011001100000011011111011111000101011010110111101001110
11000011100111011101100100110101010010101010101001011111110001000111001111011011101000011001110010111010100010010110011001001110
11100011100101011101100100110101010010101011101101011111110000100111011111011011101000011001110011111000000010010110111011101110
11100011000001011101100100110100010010100011101101001111110100100101011111011011001000011011110011011010100011010110111011001100
11100011001111011100111100110000010010100011101100001111100000100101000111011011001001011011110011011000100011010110111011001100
11100011001111001100111100110001010010100101101101001111100000100110100111011011101001101001010111011010111011010110110011001100
11110011001111001000111100110000010010100100101101010111100000000010100101011011101011011011010111011010111011000110000010001100
11110111001111001100011100110000011010000100101001011110100000000010100101111111101000011011010100011000111011000111000010001100
11110110111111001101011000110000011010000000110001001110110000000010100001110111100100011011010100011010101011000100000010011100
10111010011111001101011000110000011010001100110001001110110000000010100101110111100110001011110100001010101011000100100010010100
10111000010111001111011000110000111010001100110001001110110000000110100001010001100110001001110100001010101011000000000011010100
10111000010110001101111000110000101010011000010001001110111010010110101001010011000100001001010100001010001011000000000111000111
10111101000110000000100010110000111010011011111011001110111010011110101001110010010100001000011100001010001011000000000111000111
10111101101110011000100010111000111010011011111011011110011010011111011001100010010111111000011100001010001011001001010111010111
01111101001010001000000010111000101110011111111011011110011000011111011001000010011001011000011000001010001011000011010111010111
11011101001010011000000010111001111100011111111010111110011000011111111100000010011111011000001000001010001011000011010111010111
01011101001010001000000110110001111100111111111010111110110000011111011110001011010111011000001001001010001011000101010111110100
01111101000010001000000110110001101100100111111010111110100000011101011110001011010001011001000001011010001000000101010110010100
10111101100010001001000110110100101100100111110000011110100010001101011110001011010001011001000011101111001000000101111111010100
10110101100010010001010110100110100101110001110010011110110010001101011110101011010000000011000011101001001100010101111111010100
10110101100010010101010111100011100111110000110000011110100011001100011110111011010010000010000011101011001110010001111111010100
10110101100010011101010011110011100111110000110010001110111011001000011110101101010010100011001010111010001100010001111111011100
10100001100010011100010011110011100111010000110000001010011011101110011110001101000011100011001010011010001100010001111111011101
10100001100010011001010011110011100111110000101100001110011010010110010110001110010111100011001010011010101100010001110110110101
10100011100010011011010010111010100111110100101100000010011010010110010110101111110111110011001010011010001100010001100110110101
11000001100110011011010011111010100111110101101100000010011011010101000111100101000111110011101001111011001100010001100110110100
11000001101110111110010011111010110100110100101000000110001011010001000111100110000111010011111001111001001101010001100110010100
11000011101110111100010001011011111001110011101001000111001011010001000101101000000111110011111001111000001101010001000000010100
01000011101110111101110101011011111001110011101101000011001011010011001101101000100111110010110001111001101101010001001000010110
00100111101100011101100101011011111001010010101011000011001010111001011101001000100111110010110101110001101101110001001010010111
00110111101101011101000101101011111011000010101110000011001001011001111111011101100011110000110100110001101101110001001001010101
00010111100000011101000111101011111010000111101110100011001001010001111111011001111011111000110110111001101101110001001111000101
00010110100001001101011111101001111010000111111110100011000101010001110110011011111011111000110110111011101101011001001111000101
00010110100001001001011101100001111000000111011010100111000101010011100010111011111011111011110110111100101101011000111101000001
00100100100001101001011111100011110000100111111010100111000101010011110010001001111011111011110110101100101101011010101101100001
00100100000101101001011011100011110000100111111010100111100101010011010010101011111011101011111110101100101100010010101101100001
00100100000101101111011011100011010001101011111010100111000101010010010010111011111011101011101000100100101100010010100101100001
10100101000101101111011010100000110010101011111010100111000101010010010010011110110111001001101000110101101100010010100011100001
10101101101100101111011010100010100010111001010010100111000101010010010000010110111111001001101000111101101100010010100011110001
10100101101110101101011010110110100010011001010010100011000101000011000000100110110111001001101100111001100101000010100101010001
10100101111110111101011010010110000010011000010010000001000101000000000000100110100111001001011100100001100101000000100101110001
00100101111010011101111000110110010010011000010000000001000101010000000000100110101111001101011100100100100101000001100100111001
10110101111010011101101000110110010010010001010000000001100100001010000100100110101111101110111100100100100101000000101110111011
10101101111010011101101000100110110011010001010000100000100100101110001101101111001111111010111101100100110101000000111110101011
10001111111010011101101000000111110011010001010000110100000100101010101101101011001110111010110101110100110101100010110110100011
10001111011110001101101110000111110011000001010000110100000101101110101101101011001100111011110101110100110100100010100110000011
10101111011110100101111110000110010011110001000000110100001001111110101001100011000100110010110100010110100100100010100110001011
10101110011111100101111110000110011011010001000100110100000011011110101001100011000101111010111111010110100100100010100010011001
10101110101111100101111110001100011111010001100101110110000011010110111001100011001101111010111111010100101000110010100010111101
10101110101111100101111010001100010111011000100100110110010001011110111001100011001101011010111111010001011100110010101000111101
00101110101111100101101010001100010111001000100100110110010000001111111001110011001001111010111111001001100100110010101000111101
10101001100111100100101011000100010101001001100100100010110000001101111001110011111001111001111101001001100110110010101101011101
10111101101111100000111011001100011111000001101000100010110010101101001001000011110001111100111001001001100110110010101101011101
10110100111111110010111001001100011111100001101001100010111010101101001001000011110001111100111001001001100111110011101101011001
10110100111111110010111001001111011111000001111010100011101000101111101001000011110001110110110011101001100011011011001101011101
10110100111111110010111001001011101101000000111010110011111000101110001001000010110001110010100011000001110011011011001101011101
00111100111111110110101001101011101101000000011010111001100000101110101001010010110011110010000011000001010001001111001101011101
00111110111101110111111100001011100101000000011010111000100000111110001001010011010011110011010011000000010011001101010011011100
00110111111101110110111000001011000101000100000000111000010000011110001001110111010011110011011011001000110011011101000001010010
00110011110101110000111100011011000101000100001010110000010000011110100001100111010011110011001001001000110011011101000000010010
00110001111111110011111101011011000101000000000110111000011000010111100000101011010011010011001001101000111011001101001010011011
10110001111101110011111100111011000101011000000110111010011000110111101000111011110011010101100101001011111011101101001010010011
10111100111101111011110101101011000101011000000110111110110000010111101000111011010011110101110101001011101011101101001010010011
10111100011101111010110101101011000101010000000110111110110000110111111010111011010011110101110101001011101011101101001000110000
11011100011101111000110101101011000101010000010111110110110001111110111010101001001011110101111100000111101110001101111001101101
11001100011101111000110110101011000001010000000111110101110001111110111010100001001011010101111100000011111111001101111001001101
11011101011001111010010110101001000001010010010100000001111001111110111010000001001011010101111100010011111011001101101000001101
10111001001001111010110110111001001000010010110110000001101001111110111010000001101011010101111100010011111011101001101010001101
10010001001001111010110111101001000100010001110110011001001001101110111110101001101011010111111100010011110011101001101010000101
10100001001001111000110111101001000101010001110100111010101001101111011110101101100011010111111100011011110011101111101011000111
10110011000001001000110111101011000111010001110100101010100111101111011110101001100010011111111101011001100011101101111010000110
10110111000001101000110110101111000111011001110000111001000111101011011111001001100111111111011101111001100011101001110110000110
10110111000001111000100010101101000011011001110000111011000111001011011111001001100011111111011101111001110011110000100111000110
11110101000100111000100010111111100010001001110000111011000111101011011110001011100011111111011101111001010011010001000111001110
11100101000000111010100010011111100110000111111000101011001111101000011110001011000011111110011111111001010011010001010110001110
11111101000000110010101010011110101110100111111000101001000111100000001010001011001011111110011111111101010011010001010110011110
01111101000000110011111011011110111110100111111000101001010111100000000010001001000010111110001111111101010101011101010110111110
01111100000000111001111011011110111110100011011000101001010110100010010110101010000000101110011111111101110101010101011010111010
00111000010100111011011011001110111111110011011001101001001100101110010000101000000000101110011111111111111101110000011010111010
00111000011000111011110011001110111011110111001001101001000110001110010010101100000000101100001111101111110101110000011010111010
00111000011110111011110011001110111001110101001000100000000110001110010010100000000000101110001111101111110100111000011011111010
01111000010110011011110011001100111001111101011000100000011110001110110010100000010000101111001110101011111101111000011011111010
10110000010110001011110011001100111001001101011000100100011110001100111010100000010000101101001110101011111111111000011010111011
11110000011010011000110011001100111001101101011000100100011110101100111110100000010000001101001110110010111111101001011000111011
10010010011100011000011011001100111001101101011000100100011010101100111100100000010000001101001110111100101111101011011000111010
10010010001100010000011010001101111001111101011000000100011010001110101101100100100000001100000110110100101111000011011000010000
10010010000000010000011011001101111101101101111000101100010010001110101101100100101000000110000111110000101111011111011010010000
10000011001000010100110101001100111101111100111000101101000010101110111101100100101000001111010111110000100101011111000010010000
10000111001000010110110101001100110111111100111000001101000110101110111001101100101000001111010111110010100100011111000010000000
11000111001011010110111001001100110111110100111100100101000110111010111101101100111000001110010101110010101100010011000000000000
11001011001011010010101001101100110111010110111100100101000110111010111100001100101000000100010101110010101100000011010000001001
11001011001001010010101001101100010110011110101101100101000110111000110100001100101000001001010111111010111000000011110101101111
10000011001011010011111001101100010110011110101001100101000010111001010100000100101001001001010111111000101000000001110001101111
10011110001011010011001011101101000110011110101010100111110010100001010100000101111001101001010101111000100000000011011000101110
00010001000011010011001010100100000110010100100010100110111010100101000100000111111101111100010100111000100000000101010000101110
00010100000011110011000010100110000110010100100010100110111010110101100100000111111101111110010101011100100010000110110000101111
00010100010011110011000110101110000110110100100010100010111110111001100100000111111111011110010111011000100001000110100000101101
10111100010011110100011110101110101111010100110010000010001100001101110100000110111111010100010011011000001101000110100000100101
10101111010011111111011101101110101111010100110010001010001100001101111000000110111101000100010010110001001111000110100000100101
00110111011011101111101101110101101011011100110010001011001101011101111000000110011101000101001011110011010001001111100101100101
00110110011011101011101101110101001011001100010010001011001001011101111000000100111101000101001011010011110100001111100101100101
00110110011011001011101101110101001011101100001000000110001001001100111000000100111101010101001011000111110110001100100101100101
00110101010011001011101101110111001011100100011000100111000001001100011000000000011100011101011011100110110110001100100111100101
00110001000011011111101110100111001011100100101000101110000001101100011011110000011101011111011011010100110100001110100001100111
00110011000011011111100111100111101011100100101000001110100011101100011111111000010001011111011011010100110100101110100011111101
01110010000011001111100111100111101011100110001000001100100011100101011111111000010001111110011011110100110100101111100011111101
01111010100011001111101011110111101010100110010100001101010000100101000011111001110000101100011111110100110000111111110011101101
01100000100011001111101011111111101011100110000100001101011100000101000101111011010100100100101111110100110110111111110011101101
01100000100011001111101011111111111011101010001000000101010100000101000101111011010100110100101111110100110110101111010111101101
11100001100011001111001010011111111010101100001110000000010100000101000100111011011101110101100111110101110010111111010111101101
11100001101011001100001100011101111000100100001101000100010100010101000000101011111101110101100111010100111010011111110111101101
11100001101011011111001100011001011000100100001101000110010101010101000000101011111101110101110011010110111010011111110011101001
11000001111011011101001110001001011000100110001101010110010101010101000000101011110101110101110011000110111011011110110011100001
11011001111011011101001100101001011000101110001111011111010101000001000000101011101101110101110011001110111111111110110010110001
10011001111010111101011101101000011101101110000111011111110101100101000001100001101110011101100010011110111110111110110010100011
10011001111000100111001101101110011101100100000111011111110011100100000111100001101100011101001010011110110110111100110010000011
10011111110000100111001100101111011101100101010111011111110011100000000111100111101100010101001010011011110110111100100000000011
10010111110000010111001100001011011101110101010111011101110011100010000111111111100100010101000010010000110110010001000010001001
10010110100000010111101100011011011111110101000111011101110101101011001011011110101101010101000001010000110010110001000010001000
10010110000011010111100100011111011110101101000101011101010101101011001001011110101011010101000000010011110111010000000010011000
10110000101011010111101100011011011110101101001101011101010101101011101001011100001001011101000000011111110111011000001010010000
10110000001011010110101100110011011010100101001101011101011100100001111011011100001001111101000010011101110110011000001010010000
10111000001011010100101100111011000000100101001101011000011100100000011001111100000001011101000110011100111110010000101010110000
11111000011011010100101100011011000001000101001101011000011101100010011001111100000001011101000110011100111110010100101011110000
11111000000011010000101100011011000001000111001110011000111001110001010001111100001001001100000110010100111100010100100011110000
11110000001011000000111110011011000001001101001110011000111001010001011011101100000001000100000110010100111100010100101011100001
11110000001011000000011110010011000001101101001110010100110001111100011010100101000011000100000110010000111111000101101011100001
11100000001011010000011111000011001000100100001111000100100000101110011010100001000011001111100101110001111110000101101011100001
11111000011111010101011111010011000000100100001111000111100001000100011010100010000011100100100101111001111110000101101011100000
11111010011101010001011111010011000000100100011111000111100101000100011000100010000011100000000101111011111110100001101111000100
11111010011111010001001111010011000010111110011101000101100111001100010000100000000011100100000101111011111110100001101111000000
11111010011111010001001111110010000011111100011101000101100110000101010011100000000011101100010101111111101110100000001111000100
01111011111111010001010011110100100001011100011101010101101110010101100011001100000010101100010101111111100110110000000011100110
01111011111011110011000010110101100001001100011111010111101100010101100011001100000110101100010111110111100110100000001001010110
01111011001111110011000010110111110001001100011111010111111101010100100010000110001110001110010111111111101110100000001000010110
00101011000111110011010010110111110001001100001101010011110100111100101001000100000110101110010101110111101110100000001000010110
00101011000111000011010010110111110001101101001001000111011110111100111001000110010111101110011101110110000101100000001000000110
00101010000110000011010110110111100010101101001001000101001010111110111001000110010111101110011101110010000101100000001000001111
00101010000110101011010110111011100010101101001001000100001010111000111001010010010111101111011111110010000100100000001000001011
00100010000110111011010111101001100010101001001001110000001010101100011001011010110110100111011111111010000001100010001000010001
00010010100111111011010101101101110010100001000000110001001000101100011000011110101101100101011111111000000001110010001100110001
00010010100101011001010100111101110010101011100000110001000100001100011001011110101000100101010111111000010000110011111100110001
00010010100001011001010001111101111000101011110100011101000100001100011001001110001000100001010111111000010000011011111110010000
00110010100101111001010010010001111100111111110110011101000101000100011001000010001000100000000111111100011001011010111100010000
00010010100101101001010111010000111100111111110010011101000101010100011001100010001000101000010111111100010001011010111110010001
00001010100100101000011111010001111110111110111010010101000101010110011001100010101100101010010101011100010001011010101100000001
00000010100101101000011111010001111110111110111110010111000101010110011011101011100111101010001101010100000001001010101100000101
00000111100101101000010100010001111110101110111110010111000101010110001011101011110111101110111100010100000001001010111010100101
00000110000101101010110000000001111010101110111100000101100101010110011011101011110011101010111110000100010000011001111010100110
00100010000101101110110000000001110000111110111100110001101101000110011011111011110011001011110110001100110000011001011010100110
00100100000001101110000010000001110000101011111100110010101101000110011011111011110011000010110010001100110000011000011010101110
00101100011000101000000010000011111000101011111100110010101101000110111011110011110011000010110011001100110000111110010010011111
00101100011000101000000110000011110000101011111100110010001101001100111011110011110011000010110111001101111000111111010011101111
00111001011001101000010110010011110000101011011100110011100101001101011010100001111011000010110110101001111000111101010001101100
01011000011001111000011100010011010100101011010100010011000101001101011110100001011101010010110110001001111001111101000001111001
01111000011001111001011101010011010110100011010100010011000101001101011110110001011101010011110110001001110000111111100010111101
01111000010011110001001101110011010110100010010100010011000101000101010110110011010101010011110100001001110000111111100010111100
01111000110011111100001101100010010101100010011100000011100101000101000110100011100011010001110100001011110000101110101010111100
01111001110111011100001111100010010101100010011101100010100101110111000110111011110011011001110100001011110001001011100100011100
01111001110011111000001111100010011101110010111100001000111101111011000110111011100010011001000100011110110111011000100100010100
01111001010011111010101111101010011101110000011000100000101100111011000110111001100010011011000101111110100111011001100110010110
01111011010010010010101101101010011101011000111000100010000100001001000100111001110011010011000101110110100011011001100110010110
00101011010010011011101101101010011111011000011000000000001110001001000100101001110011010011010101111111100011011001100110110110
11101101010000011011101001100010010110011001111000000000001110001000000100111001111011010011010101111011100010011001101010110110
10101100010010111010100111110010010110010000110000110001001011001000010100111001110011010011001100111001100110011011101011110110
10101100010010111010100111100010010110001000110001110001001011111010010110111100110011010011001000111000100100001011101011110110
11111100010010110100101111110010110110010010111001110001001111111010010110101101110011110001100000011100100100000010101011110010
11111110011110110101100111110110110100100010111001110000001011111011011110101101110011010011100000001100100100000011001011110010
11111100011010110100100110101110100101100010111001110000001011111011010010101101010010010011000000001100100100001011011011110010
11111001010010010100110110101110000001100010110000010101001111111011010011101101010010110010000000011110010100001010010001110010
01110001000010010100110110101110000001100000010000000101101111111010011011101101010110100000010000011110010100100110011011110010
01110101000011010100110010101110000011100011001000100101101111010010011001101100110100100000011000110110010110000110011010110010
01010101000011010000100010001010000001011111001000100100101111000010011101010100111101100000011000110111011110000110001111110010
00010101001111000100100010001100000001001111011000100001101101000010011101010110110101100100011000110101011110000100001110111110
00010101001111000100110010001100000100001110011000100001101101001010011001110000110011100110011000110101011110000000011110101110
01110101011111000100110011001100010100101111010000000001001101001010001001110001010011100110111100100101010110000000011100101110
01111101011011010101110011011100010100101111110000000011001101001110001001111011011011100110101101100101000110000001011100100111
01111111111101110111010011010000011110111111110000000001001101001100101000111001011011001110100101100100000100101001011100101110
01111111111101010111010011000001111111111111110000100011001111001100101011111001001011111110100001000100000110101001010111101110
00110011101000010111000011000001101001111011110000100001001010001100001011111001001011110111100001000110001010101001010111101110
00110011111000010111000011000001001001111011111010001101000000001110001001111001001011101111100001000110011010101001010111111110
00110011111000110011000011000001001001110011111011001111000000101110001101110001001011001111100001000110001010111001010111111110
10110010111000101011000011000001001001110011110011011101001000101110001100010001001011101101100001000111101010010001110101110111
11110010111000100111010011000000001001110011111011011101001000101110001100010001000011101101100001001111101010110001110101110111
11100010101001100101110110000010001101111001100011001101011000101000000100011001100011101101100001000111101110010001110101010111
01100010100001100101110110000010001101111001100001101101100001100100010100011001100010001101100001000101000100000010011111001111
00110010000001100101110110000011101101101001100001100111100001000100000100111001110010001101111001000100100110000110001111001111
01110010000001000101010110000011101101101001100001100111100001000100000110111001110010001101101001000100100110000110001101011111
00110010001001010001010110000011001101101001100001100111100101000100000100011001110011001101101001000101100110000111001101111111
