232
31
11001111000010111101100101101001
11001110000010111001100111101001
10001110100011111001000001001001
10101110100111011000010000001101
01111110100101001000110000011111
01111111101101001000010001011011
01101111101100100000011001111001
00101111001111101001011101111000
00101100000110100101111101010000
00101111000111100001111101010001
00001110000111100001011001011001
00001110000011000001010001011000
00001111100111000000101101011000
01000111100101001100111101101000
00000111110101001010111101001101
01000111101110011010110110111001
10010001000111000110001010110101
10010101001111010011001010010001
11010001001101100001100010000001
01010001001110100001001111000101
10110010000110100000001111000101
11010000001010110000001001100111
01010100001010110010101100100111
00010100111000110010101001100111
00000110001111111110100001100111
00010110001101111110000011000111
00111110011011110111001010011111
00110010010000100111111010111111
01011110010000100111111111111110
01001001010000100011101011111110
11101010001000100111101010110010
