175
25
10110101000100011101110001110100
10110111000101011101110001110100
11100111000100011101110111100100
11100001000100011101100100100100
11000001000100111101100010001100
11110101001100110101111000001100
11010101101100111100010000000100
10011101000110101101011001110000
11111001000110100111011010110100
10111010001010110000111110111000
10111010011011111101010010110010
00111011010011111100010011110000
00110010010100111100011000110000
00110000010100011000111100110100
11110110010100011100111100110100
00010110110111011100101101110100
01001101111011011000101001010001
01001101111011011010000101010001
10001101111111011011000111010000
10111101111111001011010111000110
01111001101100001111010111000011
01101001101101001000010010000011
00101111100111011000010010000011
01101110100100111010011010001111
01101110001100111010010011101111
