142
20
01101001111110011010011001101111
01101001111110011110011001101111
00111000011110011110011001101111
00111000010110011110111011101000
10111000011010011110111011111000
10010001111000101111001000111101
11010001001010001101001000111110
11010100010111000100001100111110
01110100010011110100001100101110
01110101011011111010001010111011
00100110001011111010001011011111
00101110011110011010001111011111
00101110001100000011111110011011
00100110001101000111111110111011
10010100001001100001011110110011
10110110010001110011011100110010
10111101110101000000100100111010
10101100110100001001101100011010
10101100111100000001101101011000
10100100111011000110111001010010
