111
18
10000110000011001001100000011010
10000110000011001011100010010010
10011100001111001011100010010010
10011100001111011100000010010010
11011100000111011100000010100011
11011100001110011110000110100010
11000100001110000110010100110110
11000100001110001100010100011100
11111100100000011000111100001100
11111010101000111000111100001100
10111010111000100000101000101101
00111000100001100000010000101111
01111000100000100000110010001101
10011000110010101100101110000101
10011000010010101100111100100110
00111000010100101100011000100010
10111001010100111101011110101010
10111011110100110101011010101110
