130
18
10010011000101101101000000100100
10010001010100101101000000100100
11010001000101001100001000100101
11010010010111001100100001110111
10010011010101100000001011100110
10010011010101001100000011000101
11101011010111001100000011101000
10111011001110000010100100101110
10111001001010000101100101110010
10111000101010100100100110110010
00111010100000101101100100010011
01101100101010101101101000110011
01101100101010100101101010011111
01100110101010101100001011010111
01101111101011000100001011010110
01101110101011000110011011010110
01101010000010000010100110010110
01101000001010100110100110010011
