529
60
10011100001001001010011100111100
11011101001001001010011100111110
10011101001001000010011100111110
11011101101000000110011100011010
10111001001101000011011100001010
11111001100101100011111100101010
11111101100111100001111001001000
10110100001011001010111001101100
00110001101011001011101000001100
11100110100011011111101000000010
11100010001100101111101000100011
11000110001000100111001100011011
11000110000010010001101100010011
11010001100111000001101010110011
10011001101011110011001111110011
11110001101010010111011001111000
11000101101000011111011111010000
11001100101010110011001100010001
11001110101010001100000100000011
01001001101010101100001101011010
01011111101011011100000111111101
11011010010001011000000101111101
11011111010001011001001101101101
11010111010001111001000100000010
11110010011100111100100100110010
11100110011100111111101000111011
00001010011100110110100110110111
00000010010110111111101010111111
10110010011100111110101110111111
10110011100100001110111010111100
10111011110101001110111010001001
11101010100111001001111011000001
01001010100011110000101011000000
00111110100111110101101010000000
00111010100011011111110000000100
10010010100001001111110011001100
10010110001000000111100011001100
10000110000001001111001011010101
10100010010000001111001001010000
00110111010100001101001010100101
00110001011101111000100000111101
00110001101100111000101100110111
00001001111000101110111100111111
10101001001100011000101000110111
00101001001101011100111001110011
10101101011100110101111001110010
11101000011101110101011011100111
01111001000101011111111010100101
11111001000111001111110011111001
10111001101100101011110111111101
10100000101100101011110010111110
10100001000100101010110010111111
10100100101110111110101111111101
01100101001100011110001111101101
11000111001000000010001011000001
11100111010000000000011101001101
11110011110000100001011001101101
11001111001100010011110111001110
11001011001100010010000011010100
11001000000001010001000011101000
