503
65
11000110101000111001111101110000
11000111101000111001101001110001
11100111101000111000101001010011
11100111101101011010100100011001
11100110001101011110101100011001
00000101101111011110101100011001
00100101101111011010100110001111
00100111111001011010100110011111
00100111101100011010100110010000
01100110101111001110000110010000
01110000001101001100000100010001
10111001100101111100111111000001
10111001000101011100011011000001
01011001000101010011011010000001
01011011001101100011011010001001
11110001101100010001011000110001
11101001101100000001011000111101
11100101001101001001010101111101
01100101100100101101011111111111
00100001001100100001010101011110
01101000100100101011010001011100
01101100100001100010011110111100
11100110101010100010000110101111
11101001101010110010000111101111
11111001101111110010100101101011
11101111000011000010110100111001
10101111001001000110010101111001
00100111001101001010010101001001
10100101001101000011011001001001
01100100000101010001001001001001
01001100010100000001001001011100
00001100110100000001001001101000
00110100100001110001101101101111
00011001001001101001000010111111
00110001001011011001000001111110
10111001101011011101000001110100
10111001101010101101001101010110
11111100001010001101001000010110
11101110001001011111011000111110
10011000100110110111010101111110
11011000100100111000110101100110
10011011001101101000110110101010
10000001001100101000010110111110
00110001001010101000010110011110
10000000010110110000111110010100
10000000001110000000111110100100
00010011011110000000111110110100
01010001011010100110101111101011
01110011011011101110101100101001
00111011011001101010110001100101
00111110010001011010110001101101
10110110110100001101010001101000
10110110110000001001000000101000
11010111000000111101010011100000
10011111010100111001010111000010
11011111010010101000000111000010
01011000100011111000100111000110
01111000110001111001000110001110
00011000110101001001000110001010
00000000010101000001000110000010
00000101000111000001011100000110
11001111000110000001010101000110
11001111010110000001110101000100
01111101010110000001100111000000
01001101000110000001101111000000
